time (time)	v(in) (voltage)	v(sel) (voltage)	v(rw) (voltage)
0.000000e+00	0.000000e+00	0.000000e+00	0.000000e+00
1.000000e-12	0.000000e+00	0.000000e+00	0.000000e+00
2.000000e-12	0.000000e+00	0.000000e+00	0.000000e+00
4.000000e-12	0.000000e+00	0.000000e+00	0.000000e+00
8.000000e-12	0.000000e+00	0.000000e+00	0.000000e+00
1.600000e-11	0.000000e+00	0.000000e+00	0.000000e+00
3.200000e-11	0.000000e+00	0.000000e+00	0.000000e+00
6.400000e-11	0.000000e+00	0.000000e+00	0.000000e+00
1.280000e-10	0.000000e+00	0.000000e+00	0.000000e+00
2.560000e-10	0.000000e+00	0.000000e+00	0.000000e+00
5.120000e-10	0.000000e+00	0.000000e+00	0.000000e+00
1.024000e-09	0.000000e+00	0.000000e+00	0.000000e+00
2.048000e-09	0.000000e+00	0.000000e+00	0.000000e+00
3.648000e-09	0.000000e+00	0.000000e+00	0.000000e+00
5.248000e-09	0.000000e+00	0.000000e+00	0.000000e+00
6.848000e-09	0.000000e+00	0.000000e+00	0.000000e+00
8.448000e-09	0.000000e+00	0.000000e+00	0.000000e+00
1.000000e-08	0.000000e+00	0.000000e+00	0.000000e+00
1.001000e-08	0.000000e+00	0.000000e+00	1.000000e-01
1.003000e-08	0.000000e+00	0.000000e+00	3.000000e-01
1.007000e-08	0.000000e+00	0.000000e+00	7.000000e-01
1.010000e-08	0.000000e+00	0.000000e+00	1.000000e+00
1.010800e-08	0.000000e+00	0.000000e+00	1.000000e+00
1.012400e-08	0.000000e+00	0.000000e+00	1.000000e+00
1.015600e-08	0.000000e+00	0.000000e+00	1.000000e+00
1.020000e-08	0.000000e+00	0.000000e+00	1.000000e+00
1.020640e-08	0.000000e+00	0.000000e+00	1.000000e+00
1.021920e-08	0.000000e+00	0.000000e+00	1.000000e+00
1.024480e-08	0.000000e+00	0.000000e+00	1.000000e+00
1.029600e-08	0.000000e+00	0.000000e+00	1.000000e+00
1.039840e-08	0.000000e+00	0.000000e+00	1.000000e+00
1.060320e-08	0.000000e+00	0.000000e+00	1.000000e+00
1.101280e-08	0.000000e+00	0.000000e+00	1.000000e+00
1.183200e-08	0.000000e+00	0.000000e+00	1.000000e+00
1.343200e-08	0.000000e+00	0.000000e+00	1.000000e+00
1.500000e-08	0.000000e+00	0.000000e+00	1.000000e+00
1.501000e-08	0.000000e+00	1.000000e-01	1.000000e+00
1.503000e-08	0.000000e+00	3.000000e-01	1.000000e+00
1.507000e-08	0.000000e+00	7.000000e-01	1.000000e+00
1.510000e-08	0.000000e+00	1.000000e+00	1.000000e+00
1.510800e-08	0.000000e+00	1.000000e+00	1.000000e+00
1.512400e-08	0.000000e+00	1.000000e+00	1.000000e+00
1.515600e-08	0.000000e+00	1.000000e+00	1.000000e+00
1.522000e-08	0.000000e+00	1.000000e+00	1.000000e+00
1.534800e-08	0.000000e+00	1.000000e+00	1.000000e+00
1.560400e-08	0.000000e+00	1.000000e+00	1.000000e+00
1.606331e-08	0.000000e+00	1.000000e+00	1.000000e+00
1.662981e-08	0.000000e+00	1.000000e+00	1.000000e+00
1.753823e-08	0.000000e+00	1.000000e+00	1.000000e+00
1.877793e-08	0.000000e+00	1.000000e+00	1.000000e+00
2.010000e-08	0.000000e+00	1.000000e+00	1.000000e+00
2.011000e-08	0.000000e+00	9.000000e-01	9.000000e-01
2.013000e-08	0.000000e+00	7.000000e-01	7.000000e-01
2.017000e-08	0.000000e+00	3.000000e-01	3.000000e-01
2.020000e-08	0.000000e+00	0.000000e+00	0.000000e+00
2.020800e-08	0.000000e+00	0.000000e+00	0.000000e+00
2.022400e-08	0.000000e+00	0.000000e+00	0.000000e+00
2.025600e-08	0.000000e+00	0.000000e+00	0.000000e+00
2.032000e-08	0.000000e+00	0.000000e+00	0.000000e+00
2.044800e-08	0.000000e+00	0.000000e+00	0.000000e+00
2.070400e-08	0.000000e+00	0.000000e+00	0.000000e+00
2.116443e-08	0.000000e+00	0.000000e+00	0.000000e+00
2.169476e-08	0.000000e+00	0.000000e+00	0.000000e+00
2.275543e-08	0.000000e+00	0.000000e+00	0.000000e+00
2.435543e-08	0.000000e+00	0.000000e+00	0.000000e+00
2.500000e-08	0.000000e+00	0.000000e+00	0.000000e+00
2.501000e-08	0.000000e+00	1.000000e-01	0.000000e+00
2.503000e-08	0.000000e+00	3.000000e-01	0.000000e+00
2.507000e-08	0.000000e+00	7.000000e-01	0.000000e+00
2.510000e-08	0.000000e+00	1.000000e+00	0.000000e+00
2.510800e-08	0.000000e+00	1.000000e+00	0.000000e+00
2.512400e-08	0.000000e+00	1.000000e+00	0.000000e+00
2.515600e-08	0.000000e+00	1.000000e+00	0.000000e+00
2.522000e-08	0.000000e+00	1.000000e+00	0.000000e+00
2.534800e-08	0.000000e+00	1.000000e+00	0.000000e+00
2.560400e-08	0.000000e+00	1.000000e+00	0.000000e+00
2.611600e-08	0.000000e+00	1.000000e+00	0.000000e+00
2.704761e-08	0.000000e+00	1.000000e+00	0.000000e+00
2.864761e-08	0.000000e+00	1.000000e+00	0.000000e+00
3.000000e-08	0.000000e+00	1.000000e+00	3.308722e-14
3.001000e-08	0.000000e+00	1.000000e+00	1.000000e-01
3.003000e-08	0.000000e+00	1.000000e+00	3.000000e-01
3.007000e-08	0.000000e+00	1.000000e+00	7.000000e-01
3.010000e-08	0.000000e+00	1.000000e+00	1.000000e+00
3.010800e-08	0.000000e+00	9.200000e-01	1.000000e+00
3.012400e-08	0.000000e+00	7.600000e-01	1.000000e+00
3.015600e-08	0.000000e+00	4.400000e-01	1.000000e+00
3.020000e-08	0.000000e+00	0.000000e+00	1.000000e+00
3.020640e-08	0.000000e+00	0.000000e+00	1.000000e+00
3.021920e-08	0.000000e+00	0.000000e+00	1.000000e+00
3.024480e-08	0.000000e+00	0.000000e+00	1.000000e+00
3.029600e-08	0.000000e+00	0.000000e+00	1.000000e+00
3.039840e-08	0.000000e+00	0.000000e+00	1.000000e+00
3.060320e-08	0.000000e+00	0.000000e+00	1.000000e+00
3.101280e-08	0.000000e+00	0.000000e+00	1.000000e+00
3.180803e-08	0.000000e+00	0.000000e+00	1.000000e+00
3.339850e-08	0.000000e+00	0.000000e+00	1.000000e+00
3.499850e-08	0.000000e+00	0.000000e+00	1.000000e+00
3.500000e-08	0.000000e+00	0.000000e+00	1.000000e+00
3.500299e-08	2.992191e-02	2.992191e-02	1.000000e+00
3.500898e-08	8.976574e-02	8.976574e-02	1.000000e+00
3.502095e-08	2.094534e-01	2.094534e-01	1.000000e+00
3.504488e-08	4.488287e-01	4.488287e-01	1.000000e+00
3.509276e-08	9.275793e-01	9.275793e-01	1.000000e+00
3.510000e-08	1.000000e+00	1.000000e+00	1.000000e+00
3.510958e-08	1.000000e+00	1.000000e+00	1.000000e+00
3.512873e-08	1.000000e+00	1.000000e+00	1.000000e+00
3.516703e-08	1.000000e+00	1.000000e+00	1.000000e+00
3.524363e-08	1.000000e+00	1.000000e+00	1.000000e+00
3.539683e-08	1.000000e+00	1.000000e+00	1.000000e+00
3.570323e-08	1.000000e+00	1.000000e+00	1.000000e+00
3.631603e-08	1.000000e+00	1.000000e+00	1.000000e+00
3.717421e-08	1.000000e+00	1.000000e+00	1.000000e+00
3.822390e-08	1.000000e+00	1.000000e+00	1.000000e+00
3.982390e-08	1.000000e+00	1.000000e+00	1.000000e+00
4.010000e-08	1.000000e+00	1.000000e+00	1.000000e+00
4.011000e-08	1.000000e+00	9.000000e-01	9.000000e-01
4.013000e-08	1.000000e+00	7.000000e-01	7.000000e-01
4.017000e-08	1.000000e+00	3.000000e-01	3.000000e-01
4.020000e-08	1.000000e+00	0.000000e+00	0.000000e+00
4.020800e-08	1.000000e+00	0.000000e+00	0.000000e+00
4.022400e-08	1.000000e+00	0.000000e+00	0.000000e+00
4.025600e-08	1.000000e+00	0.000000e+00	0.000000e+00
4.032000e-08	1.000000e+00	0.000000e+00	0.000000e+00
4.044800e-08	1.000000e+00	0.000000e+00	0.000000e+00
4.070400e-08	1.000000e+00	0.000000e+00	0.000000e+00
4.118215e-08	1.000000e+00	0.000000e+00	0.000000e+00
4.188314e-08	1.000000e+00	0.000000e+00	0.000000e+00
4.296784e-08	1.000000e+00	0.000000e+00	0.000000e+00
4.456784e-08	1.000000e+00	0.000000e+00	0.000000e+00
4.500000e-08	1.000000e+00	0.000000e+00	0.000000e+00
4.501000e-08	1.000000e+00	1.000000e-01	0.000000e+00
4.503000e-08	1.000000e+00	3.000000e-01	0.000000e+00
4.507000e-08	1.000000e+00	7.000000e-01	0.000000e+00
4.510000e-08	1.000000e+00	1.000000e+00	0.000000e+00
4.510800e-08	9.200000e-01	1.000000e+00	0.000000e+00
4.512400e-08	7.600000e-01	1.000000e+00	0.000000e+00
4.515600e-08	4.400000e-01	1.000000e+00	0.000000e+00
4.520000e-08	0.000000e+00	1.000000e+00	0.000000e+00
4.520640e-08	0.000000e+00	1.000000e+00	0.000000e+00
4.521920e-08	0.000000e+00	1.000000e+00	0.000000e+00
4.524480e-08	0.000000e+00	1.000000e+00	0.000000e+00
4.529600e-08	0.000000e+00	1.000000e+00	0.000000e+00
4.539840e-08	0.000000e+00	1.000000e+00	0.000000e+00
4.560320e-08	0.000000e+00	1.000000e+00	0.000000e+00
4.601280e-08	0.000000e+00	1.000000e+00	0.000000e+00
4.683200e-08	0.000000e+00	1.000000e+00	0.000000e+00
4.762838e-08	0.000000e+00	1.000000e+00	0.000000e+00
4.922115e-08	0.000000e+00	1.000000e+00	0.000000e+00
5.000000e-08	0.000000e+00	1.000000e+00	0.000000e+00
5.001000e-08	0.000000e+00	1.000000e+00	1.000000e-01
5.003000e-08	0.000000e+00	1.000000e+00	3.000000e-01
5.007000e-08	0.000000e+00	1.000000e+00	7.000000e-01
5.010000e-08	0.000000e+00	1.000000e+00	1.000000e+00
5.010800e-08	0.000000e+00	9.200000e-01	1.000000e+00
5.012400e-08	0.000000e+00	7.600000e-01	1.000000e+00
5.015600e-08	0.000000e+00	4.400000e-01	1.000000e+00
5.020000e-08	0.000000e+00	0.000000e+00	1.000000e+00
5.020640e-08	0.000000e+00	0.000000e+00	1.000000e+00
5.021920e-08	0.000000e+00	0.000000e+00	1.000000e+00
5.024480e-08	0.000000e+00	0.000000e+00	1.000000e+00
5.029600e-08	0.000000e+00	0.000000e+00	1.000000e+00
5.039840e-08	0.000000e+00	0.000000e+00	1.000000e+00
5.060320e-08	0.000000e+00	0.000000e+00	1.000000e+00
5.083101e-08	0.000000e+00	0.000000e+00	1.000000e+00
5.128662e-08	0.000000e+00	0.000000e+00	1.000000e+00
5.171567e-08	0.000000e+00	0.000000e+00	1.000000e+00
5.257376e-08	0.000000e+00	0.000000e+00	1.000000e+00
5.417376e-08	0.000000e+00	0.000000e+00	1.000000e+00
5.500000e-08	0.000000e+00	0.000000e+00	1.000000e+00
5.501000e-08	0.000000e+00	1.000000e-01	1.000000e+00
5.503000e-08	0.000000e+00	3.000000e-01	1.000000e+00
5.507000e-08	0.000000e+00	7.000000e-01	1.000000e+00
5.510000e-08	0.000000e+00	1.000000e+00	1.000000e+00
5.510800e-08	0.000000e+00	1.000000e+00	1.000000e+00
5.512400e-08	0.000000e+00	1.000000e+00	1.000000e+00
5.515600e-08	0.000000e+00	1.000000e+00	1.000000e+00
5.522000e-08	0.000000e+00	1.000000e+00	1.000000e+00
5.534800e-08	0.000000e+00	1.000000e+00	1.000000e+00
5.560400e-08	0.000000e+00	1.000000e+00	1.000000e+00
5.611600e-08	0.000000e+00	1.000000e+00	1.000000e+00
5.686627e-08	0.000000e+00	1.000000e+00	1.000000e+00
5.773834e-08	0.000000e+00	1.000000e+00	1.000000e+00
5.927602e-08	0.000000e+00	1.000000e+00	1.000000e+00
6.010000e-08	0.000000e+00	1.000000e+00	1.000000e+00
6.011000e-08	0.000000e+00	9.000000e-01	9.000000e-01
6.013000e-08	0.000000e+00	7.000000e-01	7.000000e-01
6.017000e-08	0.000000e+00	3.000000e-01	3.000000e-01
6.020000e-08	0.000000e+00	6.550316e-14	0.000000e+00
6.020800e-08	0.000000e+00	0.000000e+00	0.000000e+00
6.022400e-08	0.000000e+00	0.000000e+00	0.000000e+00
6.025600e-08	0.000000e+00	0.000000e+00	0.000000e+00
6.032000e-08	0.000000e+00	0.000000e+00	0.000000e+00
6.044800e-08	0.000000e+00	0.000000e+00	0.000000e+00
6.070400e-08	0.000000e+00	0.000000e+00	0.000000e+00
6.113808e-08	0.000000e+00	0.000000e+00	0.000000e+00
6.166282e-08	0.000000e+00	0.000000e+00	0.000000e+00
6.271231e-08	0.000000e+00	0.000000e+00	0.000000e+00
6.431231e-08	0.000000e+00	0.000000e+00	0.000000e+00
6.500000e-08	0.000000e+00	0.000000e+00	0.000000e+00
6.501000e-08	0.000000e+00	1.000000e-01	0.000000e+00
6.503000e-08	0.000000e+00	3.000000e-01	0.000000e+00
6.507000e-08	0.000000e+00	7.000000e-01	0.000000e+00
6.510000e-08	0.000000e+00	1.000000e+00	0.000000e+00
6.510800e-08	0.000000e+00	1.000000e+00	0.000000e+00
6.512400e-08	0.000000e+00	1.000000e+00	0.000000e+00
6.515600e-08	0.000000e+00	1.000000e+00	0.000000e+00
6.522000e-08	0.000000e+00	1.000000e+00	0.000000e+00
6.534800e-08	0.000000e+00	1.000000e+00	0.000000e+00
6.560400e-08	0.000000e+00	1.000000e+00	0.000000e+00
6.611600e-08	0.000000e+00	1.000000e+00	0.000000e+00
6.704758e-08	0.000000e+00	1.000000e+00	0.000000e+00
6.864758e-08	0.000000e+00	1.000000e+00	0.000000e+00
7.000000e-08	0.000000e+00	1.000000e+00	0.000000e+00
7.001000e-08	0.000000e+00	1.000000e+00	1.000000e-01
7.003000e-08	0.000000e+00	1.000000e+00	3.000000e-01
7.007000e-08	0.000000e+00	1.000000e+00	7.000000e-01
7.010000e-08	0.000000e+00	1.000000e+00	1.000000e+00
7.010800e-08	0.000000e+00	9.200000e-01	1.000000e+00
7.012400e-08	0.000000e+00	7.600000e-01	1.000000e+00
7.015600e-08	0.000000e+00	4.400000e-01	1.000000e+00
7.020000e-08	0.000000e+00	6.550316e-14	1.000000e+00
7.020640e-08	0.000000e+00	0.000000e+00	1.000000e+00
7.021920e-08	0.000000e+00	0.000000e+00	1.000000e+00
7.024480e-08	0.000000e+00	0.000000e+00	1.000000e+00
7.029600e-08	0.000000e+00	0.000000e+00	1.000000e+00
7.039840e-08	0.000000e+00	0.000000e+00	1.000000e+00
7.060320e-08	0.000000e+00	0.000000e+00	1.000000e+00
7.101280e-08	0.000000e+00	0.000000e+00	1.000000e+00
7.180804e-08	0.000000e+00	0.000000e+00	1.000000e+00
7.339852e-08	0.000000e+00	0.000000e+00	1.000000e+00
7.499852e-08	0.000000e+00	0.000000e+00	1.000000e+00
7.500000e-08	0.000000e+00	0.000000e+00	1.000000e+00
7.500296e-08	0.000000e+00	2.956854e-02	1.000000e+00
7.500887e-08	0.000000e+00	8.870563e-02	1.000000e+00
7.502070e-08	0.000000e+00	2.069798e-01	1.000000e+00
7.504435e-08	0.000000e+00	4.435281e-01	1.000000e+00
7.509166e-08	0.000000e+00	9.166248e-01	1.000000e+00
7.510000e-08	0.000000e+00	1.000000e+00	1.000000e+00
7.510946e-08	0.000000e+00	1.000000e+00	1.000000e+00
7.512839e-08	0.000000e+00	1.000000e+00	1.000000e+00
7.516623e-08	0.000000e+00	1.000000e+00	1.000000e+00
7.524193e-08	0.000000e+00	1.000000e+00	1.000000e+00
7.539332e-08	0.000000e+00	1.000000e+00	1.000000e+00
7.569610e-08	0.000000e+00	1.000000e+00	1.000000e+00
7.630167e-08	0.000000e+00	1.000000e+00	1.000000e+00
7.751279e-08	0.000000e+00	1.000000e+00	1.000000e+00
7.894997e-08	0.000000e+00	1.000000e+00	1.000000e+00
8.000000e-08	0.000000e+00	1.000000e+00	1.000000e+00
