time (time)	v(in) (voltage)	v(sel) (voltage)	v(rw) (voltage)	v(yyyy_latch) (voltage)	v(yyyy_cell) (voltage)
0.000000e+00	0.000000e+00	0.000000e+00	0.000000e+00	3.974085e-01	1.995224e-06
1.000000e-12	0.000000e+00	0.000000e+00	0.000000e+00	3.974170e-01	-3.135872e-05
2.000000e-12	0.000000e+00	0.000000e+00	0.000000e+00	3.974175e-01	-5.169444e-05
4.000000e-12	0.000000e+00	0.000000e+00	0.000000e+00	3.974187e-01	-7.709542e-05
8.000000e-12	0.000000e+00	0.000000e+00	0.000000e+00	3.974136e-01	-8.483089e-05
1.600000e-11	0.000000e+00	0.000000e+00	0.000000e+00	3.974213e-01	-7.821103e-05
3.200000e-11	0.000000e+00	0.000000e+00	0.000000e+00	3.974029e-01	-6.941199e-05
6.400000e-11	0.000000e+00	0.000000e+00	0.000000e+00	3.974393e-01	-5.571633e-05
1.280000e-10	0.000000e+00	0.000000e+00	0.000000e+00	3.974067e-01	-3.892945e-05
2.560000e-10	0.000000e+00	0.000000e+00	0.000000e+00	3.974348e-01	-2.266503e-05
5.120000e-10	0.000000e+00	0.000000e+00	0.000000e+00	3.974154e-01	-1.177249e-05
1.024000e-09	0.000000e+00	0.000000e+00	0.000000e+00	3.974889e-01	-4.985065e-06
2.048000e-09	0.000000e+00	0.000000e+00	0.000000e+00	3.972992e-01	-2.020360e-06
3.648000e-09	0.000000e+00	0.000000e+00	0.000000e+00	3.975344e-01	-1.078618e-07
5.248000e-09	0.000000e+00	0.000000e+00	0.000000e+00	3.972051e-01	-7.488625e-07
6.848000e-09	0.000000e+00	0.000000e+00	0.000000e+00	3.977753e-01	8.393324e-09
8.448000e-09	0.000000e+00	0.000000e+00	0.000000e+00	3.966257e-01	-9.612536e-07
1.000000e-08	0.000000e+00	0.000000e+00	0.000000e+00	3.991912e-01	3.967340e-07
1.001000e-08	0.000000e+00	0.000000e+00	9.000000e-02	3.994539e-01	-1.079747e-05
1.003000e-08	0.000000e+00	0.000000e+00	2.700000e-01	3.999284e-01	-2.396907e-05
1.007000e-08	0.000000e+00	0.000000e+00	6.300000e-01	4.005906e-01	-3.719805e-05
1.010000e-08	0.000000e+00	0.000000e+00	9.000000e-01	4.006397e-01	-2.015780e-04
1.010800e-08	0.000000e+00	0.000000e+00	9.000000e-01	4.005120e-01	-2.782488e-04
1.012400e-08	0.000000e+00	0.000000e+00	9.000000e-01	4.002824e-01	-4.633298e-04
1.015600e-08	0.000000e+00	0.000000e+00	9.000000e-01	3.999488e-01	-7.615390e-04
1.020000e-08	0.000000e+00	0.000000e+00	9.000000e-01	3.999189e-01	-7.838280e-04
1.020640e-08	0.000000e+00	0.000000e+00	9.000000e-01	3.999530e-01	-7.497351e-04
1.021920e-08	0.000000e+00	0.000000e+00	9.000000e-01	4.000051e-01	-6.689333e-04
1.024480e-08	0.000000e+00	0.000000e+00	9.000000e-01	4.001964e-01	-4.766578e-04
1.029600e-08	0.000000e+00	0.000000e+00	9.000000e-01	4.009117e-01	-8.770116e-05
1.039840e-08	0.000000e+00	0.000000e+00	9.000000e-01	4.028568e-01	3.226702e-04
1.060320e-08	0.000000e+00	0.000000e+00	9.000000e-01	4.092379e-01	2.665172e-04
1.101280e-08	0.000000e+00	0.000000e+00	9.000000e-01	4.534374e-01	-4.301631e-05
1.175762e-08	0.000000e+00	0.000000e+00	9.000000e-01	6.815352e-01	4.370626e-05
1.324726e-08	0.000000e+00	0.000000e+00	9.000000e-01	9.270574e-01	-5.473179e-05
1.484726e-08	0.000000e+00	0.000000e+00	9.000000e-01	8.859008e-01	5.638231e-05
1.500000e-08	0.000000e+00	0.000000e+00	9.000000e-01	8.915142e-01	-9.606702e-06
1.501000e-08	0.000000e+00	9.000000e-02	9.000000e-01	8.920065e-01	3.708751e-04
1.503000e-08	0.000000e+00	2.700000e-01	9.000000e-01	8.928377e-01	9.632066e-04
1.507000e-08	0.000000e+00	6.300000e-01	9.000000e-01	8.916482e-01	1.592557e-03
1.510000e-08	0.000000e+00	9.000000e-01	9.000000e-01	8.858945e-01	1.433271e-03
1.510800e-08	0.000000e+00	9.000000e-01	9.000000e-01	8.838079e-01	1.177683e-03
1.512400e-08	0.000000e+00	9.000000e-01	9.000000e-01	8.801387e-01	7.395819e-04
1.515600e-08	0.000000e+00	9.000000e-01	9.000000e-01	8.756240e-01	1.152289e-04
1.522000e-08	0.000000e+00	9.000000e-01	9.000000e-01	8.725729e-01	-3.436019e-04
1.534800e-08	0.000000e+00	9.000000e-01	9.000000e-01	8.738830e-01	-3.744692e-04
1.560400e-08	0.000000e+00	9.000000e-01	9.000000e-01	8.861774e-01	-1.217539e-04
1.611600e-08	0.000000e+00	9.000000e-01	9.000000e-01	9.148475e-01	-1.097527e-05
1.704345e-08	0.000000e+00	9.000000e-01	9.000000e-01	5.109590e-01	-4.615646e-05
1.837857e-08	0.000000e+00	9.000000e-01	9.000000e-01	-4.143636e-02	5.158651e-05
1.997857e-08	0.000000e+00	9.000000e-01	9.000000e-01	2.144260e-02	4.912157e-06
2.010000e-08	0.000000e+00	9.000000e-01	9.000000e-01	1.592104e-02	-9.353083e-05
2.011000e-08	0.000000e+00	8.100000e-01	8.100000e-01	1.484300e-02	-2.408986e-04
2.013000e-08	0.000000e+00	6.300000e-01	6.300000e-01	1.257091e-02	-6.689863e-04
2.017000e-08	0.000000e+00	2.700000e-01	2.700000e-01	8.293070e-03	-1.306004e-03
2.020000e-08	0.000000e+00	0.000000e+00	0.000000e+00	6.036526e-03	-1.215604e-03
2.020800e-08	0.000000e+00	0.000000e+00	0.000000e+00	6.249353e-03	-8.516091e-04
2.022400e-08	0.000000e+00	0.000000e+00	0.000000e+00	6.608881e-03	-2.421711e-04
2.025600e-08	0.000000e+00	0.000000e+00	0.000000e+00	7.118412e-03	4.244986e-04
2.032000e-08	0.000000e+00	0.000000e+00	0.000000e+00	7.227909e-03	6.628520e-04
2.044800e-08	0.000000e+00	0.000000e+00	0.000000e+00	5.021317e-03	-2.766471e-04
2.070400e-08	0.000000e+00	0.000000e+00	0.000000e+00	6.900360e-04	-1.099891e-03
2.121600e-08	0.000000e+00	0.000000e+00	0.000000e+00	6.601939e-04	8.685544e-04
2.212260e-08	0.000000e+00	0.000000e+00	0.000000e+00	8.228789e-04	-1.216412e-04
2.321839e-08	0.000000e+00	0.000000e+00	0.000000e+00	-4.477435e-04	-5.104611e-05
2.481839e-08	0.000000e+00	0.000000e+00	0.000000e+00	5.110081e-04	1.131326e-04
2.500000e-08	0.000000e+00	0.000000e+00	0.000000e+00	1.401629e-04	-1.264646e-04
2.501000e-08	0.000000e+00	9.000000e-02	0.000000e+00	8.662676e-04	2.547322e-04
2.503000e-08	0.000000e+00	2.700000e-01	0.000000e+00	1.934781e-03	8.709705e-04
2.507000e-08	0.000000e+00	6.300000e-01	0.000000e+00	3.712924e-03	1.532950e-03
2.510000e-08	0.000000e+00	9.000000e-01	0.000000e+00	4.330555e-03	1.401977e-03
2.510800e-08	0.000000e+00	9.000000e-01	0.000000e+00	4.043523e-03	1.150960e-03
2.512400e-08	0.000000e+00	9.000000e-01	0.000000e+00	3.671263e-03	7.202203e-04
2.515600e-08	0.000000e+00	9.000000e-01	0.000000e+00	2.674353e-03	1.101034e-04
2.522000e-08	0.000000e+00	9.000000e-01	0.000000e+00	1.120351e-03	-3.576185e-04
2.534800e-08	0.000000e+00	9.000000e-01	0.000000e+00	-1.765215e-05	-3.925212e-04
2.560400e-08	0.000000e+00	9.000000e-01	0.000000e+00	-5.252275e-04	-1.316584e-04
2.611600e-08	0.000000e+00	9.000000e-01	0.000000e+00	-2.211773e-04	-6.569780e-06
2.714000e-08	0.000000e+00	9.000000e-01	0.000000e+00	3.294719e-05	6.820493e-06
2.874000e-08	0.000000e+00	9.000000e-01	0.000000e+00	1.262110e-05	-7.585465e-07
3.000000e-08	0.000000e+00	9.000000e-01	2.977850e-14	1.494528e-05	7.321919e-06
3.001000e-08	0.000000e+00	9.000000e-01	9.000000e-02	2.582971e-04	2.313775e-05
3.003000e-08	0.000000e+00	9.000000e-01	2.700000e-01	6.256897e-04	3.824413e-05
3.007000e-08	0.000000e+00	9.000000e-01	6.300000e-01	9.656977e-04	-1.726117e-05
3.010000e-08	0.000000e+00	9.000000e-01	9.000000e-01	7.555256e-04	-1.914394e-04
3.010800e-08	0.000000e+00	8.280000e-01	9.000000e-01	2.387767e-04	-3.720814e-04
3.012400e-08	0.000000e+00	6.840000e-01	9.000000e-01	-7.434500e-04	-8.598631e-04
3.015600e-08	0.000000e+00	3.960000e-01	9.000000e-01	-3.042171e-03	-1.862770e-03
3.020000e-08	0.000000e+00	0.000000e+00	9.000000e-01	-5.489346e-03	-2.120785e-03
3.020640e-08	0.000000e+00	0.000000e+00	9.000000e-01	-5.280929e-03	-1.826721e-03
3.021920e-08	0.000000e+00	0.000000e+00	9.000000e-01	-5.051442e-03	-1.289554e-03
3.024480e-08	0.000000e+00	0.000000e+00	9.000000e-01	-4.253889e-03	-4.696515e-04
3.029600e-08	0.000000e+00	0.000000e+00	9.000000e-01	-2.766980e-03	4.267420e-04
3.039840e-08	0.000000e+00	0.000000e+00	9.000000e-01	-1.011640e-03	1.236322e-03
3.060320e-08	0.000000e+00	0.000000e+00	9.000000e-01	4.339416e-04	1.853803e-04
3.101280e-08	0.000000e+00	0.000000e+00	9.000000e-01	4.863684e-04	-3.454195e-05
3.175990e-08	0.000000e+00	0.000000e+00	9.000000e-01	-2.041042e-05	8.706653e-06
3.306194e-08	0.000000e+00	0.000000e+00	9.000000e-01	1.271816e-04	1.937595e-06
3.466194e-08	0.000000e+00	0.000000e+00	9.000000e-01	3.318231e-05	-1.522570e-06
3.500000e-08	0.000000e+00	0.000000e+00	9.000000e-01	2.450512e-05	1.126869e-05
3.501000e-08	9.000000e-02	9.000000e-02	9.000000e-01	7.877041e-04	3.395723e-04
3.503000e-08	2.700000e-01	2.700000e-01	9.000000e-01	2.396534e-03	8.581760e-04
3.507000e-08	6.300000e-01	6.300000e-01	9.000000e-01	5.266989e-03	1.339418e-03
3.510000e-08	9.000000e-01	9.000000e-01	9.000000e-01	6.541892e-03	1.092231e-03
3.510800e-08	9.000000e-01	9.000000e-01	9.000000e-01	6.385405e-03	8.427729e-04
3.512400e-08	9.000000e-01	9.000000e-01	9.000000e-01	5.926739e-03	4.197533e-04
3.515600e-08	9.000000e-01	9.000000e-01	9.000000e-01	4.471749e-03	-1.596784e-04
3.522000e-08	9.000000e-01	9.000000e-01	9.000000e-01	1.024402e-03	-7.898218e-04
3.534800e-08	9.000000e-01	9.000000e-01	9.000000e-01	-5.145240e-03	-3.155518e-04
3.560400e-08	9.000000e-01	9.000000e-01	9.000000e-01	-1.112674e-02	-1.918644e-05
3.611600e-08	9.000000e-01	9.000000e-01	9.000000e-01	6.699967e-02	3.864253e-05
3.714000e-08	9.000000e-01	9.000000e-01	9.000000e-01	6.375568e-01	4.966833e-05
3.874000e-08	9.000000e-01	9.000000e-01	9.000000e-01	9.378049e-01	-1.218018e-04
4.010000e-08	9.000000e-01	9.000000e-01	9.000000e-01	8.749320e-01	1.349769e-04
4.011000e-08	9.000000e-01	8.100000e-01	8.100000e-01	8.759054e-01	-4.590973e-05
4.013000e-08	9.000000e-01	6.300000e-01	6.300000e-01	8.777394e-01	-5.802131e-04
4.017000e-08	9.000000e-01	2.700000e-01	2.700000e-01	8.815918e-01	-1.430051e-03
4.020000e-08	9.000000e-01	0.000000e+00	0.000000e+00	8.859312e-01	-1.431960e-03
4.020800e-08	9.000000e-01	0.000000e+00	0.000000e+00	8.876270e-01	-1.048311e-03
4.022400e-08	9.000000e-01	0.000000e+00	0.000000e+00	8.907942e-01	-3.968160e-04
4.025600e-08	9.000000e-01	0.000000e+00	0.000000e+00	8.959133e-01	3.600209e-04
4.032000e-08	9.000000e-01	0.000000e+00	0.000000e+00	9.008338e-01	6.955532e-04
4.044800e-08	9.000000e-01	0.000000e+00	0.000000e+00	8.900331e-01	-5.623183e-04
4.070400e-08	9.000000e-01	0.000000e+00	0.000000e+00	8.462598e-01	-2.921724e-03
4.121600e-08	9.000000e-01	0.000000e+00	0.000000e+00	8.523574e-01	9.454291e-04
4.216281e-08	9.000000e-01	0.000000e+00	0.000000e+00	9.076688e-01	1.127154e-03
4.349378e-08	9.000000e-01	0.000000e+00	0.000000e+00	8.949871e-01	-7.412271e-04
4.500000e-08	9.000000e-01	0.000000e+00	0.000000e+00	9.011921e-01	6.028146e-04
4.501000e-08	9.000000e-01	9.000000e-02	0.000000e+00	9.013727e-01	8.807232e-04
4.503000e-08	9.000000e-01	2.700000e-01	0.000000e+00	9.015548e-01	1.425458e-03
4.507000e-08	9.000000e-01	6.300000e-01	0.000000e+00	8.987719e-01	2.097550e-03
4.510000e-08	9.000000e-01	9.000000e-01	0.000000e+00	8.914982e-01	2.230994e-03
4.510800e-08	8.280000e-01	9.000000e-01	0.000000e+00	8.889119e-01	1.951523e-03
4.512400e-08	6.840000e-01	9.000000e-01	0.000000e+00	8.843167e-01	1.463953e-03
4.515600e-08	3.960000e-01	9.000000e-01	0.000000e+00	8.784402e-01	7.020618e-04
4.520000e-08	0.000000e+00	9.000000e-01	0.000000e+00	8.754416e-01	-8.636718e-06
4.520640e-08	0.000000e+00	9.000000e-01	0.000000e+00	8.754250e-01	-1.169711e-04
4.521920e-08	0.000000e+00	9.000000e-01	0.000000e+00	8.754640e-01	-3.520967e-04
4.524480e-08	0.000000e+00	9.000000e-01	0.000000e+00	8.758638e-01	-8.614292e-04
4.529600e-08	0.000000e+00	9.000000e-01	0.000000e+00	8.773559e-01	-2.037071e-03
4.539840e-08	0.000000e+00	9.000000e-01	0.000000e+00	8.816400e-01	-4.464328e-03
4.560320e-08	0.000000e+00	9.000000e-01	0.000000e+00	8.896287e-01	-6.345915e-03
4.601280e-08	0.000000e+00	9.000000e-01	0.000000e+00	8.950316e-01	7.249223e-02
4.683200e-08	0.000000e+00	9.000000e-01	0.000000e+00	8.949194e-01	7.393454e-01
4.843200e-08	0.000000e+00	9.000000e-01	0.000000e+00	9.002834e-01	9.794322e-01
4.997798e-08	0.000000e+00	9.000000e-01	0.000000e+00	8.994250e-01	8.382333e-01
5.000000e-08	0.000000e+00	9.000000e-01	0.000000e+00	8.993915e-01	8.471953e-01
5.001000e-08	0.000000e+00	9.000000e-01	9.000000e-02	8.995131e-01	8.507329e-01
5.003000e-08	0.000000e+00	9.000000e-01	2.700000e-01	8.997160e-01	8.573670e-01
5.007000e-08	0.000000e+00	9.000000e-01	6.300000e-01	8.998087e-01	8.679892e-01
5.010000e-08	0.000000e+00	9.000000e-01	9.000000e-01	8.993674e-01	8.736108e-01
5.010800e-08	0.000000e+00	8.280000e-01	9.000000e-01	8.988364e-01	8.747130e-01
5.012400e-08	0.000000e+00	6.840000e-01	9.000000e-01	8.978100e-01	8.768256e-01
5.015600e-08	0.000000e+00	3.960000e-01	9.000000e-01	8.961395e-01	8.809715e-01
5.020000e-08	0.000000e+00	0.000000e+00	9.000000e-01	8.949296e-01	8.882741e-01
5.020640e-08	0.000000e+00	0.000000e+00	9.000000e-01	8.951602e-01	8.895853e-01
5.021920e-08	0.000000e+00	0.000000e+00	9.000000e-01	8.956073e-01	8.921795e-01
5.024480e-08	0.000000e+00	0.000000e+00	9.000000e-01	8.964476e-01	8.971849e-01
5.029600e-08	0.000000e+00	0.000000e+00	9.000000e-01	8.978452e-01	9.065697e-01
5.039840e-08	0.000000e+00	0.000000e+00	9.000000e-01	9.001131e-01	8.956202e-01
5.060320e-08	0.000000e+00	0.000000e+00	9.000000e-01	9.023489e-01	4.946775e-01
5.101280e-08	0.000000e+00	0.000000e+00	9.000000e-01	9.012630e-01	-3.207314e-02
5.150868e-08	0.000000e+00	0.000000e+00	9.000000e-01	8.996815e-01	2.023734e-02
5.250043e-08	0.000000e+00	0.000000e+00	9.000000e-01	8.996621e-01	-1.552050e-02
5.342529e-08	0.000000e+00	0.000000e+00	9.000000e-01	8.997295e-01	1.216145e-02
5.500000e-08	0.000000e+00	0.000000e+00	9.000000e-01	8.997379e-01	-1.036106e-02
5.501000e-08	0.000000e+00	9.000000e-02	9.000000e-01	9.001148e-01	-8.445702e-03
5.503000e-08	0.000000e+00	2.700000e-01	9.000000e-01	9.010893e-01	-5.206857e-03
5.507000e-08	0.000000e+00	6.300000e-01	9.000000e-01	9.029257e-01	-1.332229e-03
5.510000e-08	0.000000e+00	9.000000e-01	9.000000e-01	9.037158e-01	-2.253617e-04
5.510800e-08	0.000000e+00	9.000000e-01	9.000000e-01	9.034899e-01	-2.809658e-04
5.512400e-08	0.000000e+00	9.000000e-01	9.000000e-01	9.031048e-01	-3.635993e-04
5.515600e-08	0.000000e+00	9.000000e-01	9.000000e-01	9.023904e-01	-4.655872e-04
5.522000e-08	0.000000e+00	9.000000e-01	9.000000e-01	9.013933e-01	-5.069491e-04
5.534800e-08	0.000000e+00	9.000000e-01	9.000000e-01	9.005419e-01	-3.677563e-04
5.560400e-08	0.000000e+00	9.000000e-01	9.000000e-01	9.026021e-01	-1.320652e-04
5.611600e-08	0.000000e+00	9.000000e-01	9.000000e-01	9.173790e-01	-3.447064e-06
5.714000e-08	0.000000e+00	9.000000e-01	9.000000e-01	4.551976e-01	-4.967257e-05
5.864639e-08	0.000000e+00	9.000000e-01	9.000000e-01	-7.306917e-02	6.509045e-05
6.010000e-08	0.000000e+00	9.000000e-01	9.000000e-01	3.709878e-02	-1.332204e-05
6.011000e-08	0.000000e+00	8.100000e-01	8.100000e-01	3.566024e-02	-1.900000e-04
6.013000e-08	0.000000e+00	6.300000e-01	6.300000e-01	3.250571e-02	-6.556865e-04
6.017000e-08	0.000000e+00	2.700000e-01	2.700000e-01	2.606078e-02	-1.328368e-03
6.020000e-08	0.000000e+00	5.895284e-14	0.000000e+00	2.214546e-02	-1.248803e-03
6.020800e-08	0.000000e+00	0.000000e+00	0.000000e+00	2.194207e-02	-8.855863e-04
6.022400e-08	0.000000e+00	0.000000e+00	0.000000e+00	2.118369e-02	-2.777545e-04
6.025600e-08	0.000000e+00	0.000000e+00	0.000000e+00	2.020325e-02	3.946546e-04
6.032000e-08	0.000000e+00	0.000000e+00	0.000000e+00	1.766564e-02	6.470098e-04
6.044800e-08	0.000000e+00	0.000000e+00	0.000000e+00	1.146443e-02	-2.720848e-04
6.070400e-08	0.000000e+00	0.000000e+00	0.000000e+00	2.851435e-03	-1.101269e-03
6.121600e-08	0.000000e+00	0.000000e+00	0.000000e+00	6.345988e-04	8.647222e-04
6.206968e-08	0.000000e+00	0.000000e+00	0.000000e+00	8.188488e-04	-8.815444e-05
6.315367e-08	0.000000e+00	0.000000e+00	0.000000e+00	-4.433994e-04	-6.880227e-05
6.475367e-08	0.000000e+00	0.000000e+00	0.000000e+00	4.350852e-04	1.240111e-04
6.500000e-08	0.000000e+00	0.000000e+00	0.000000e+00	3.881144e-05	-1.364974e-04
6.501000e-08	0.000000e+00	9.000000e-02	0.000000e+00	8.115567e-04	2.483915e-04
6.503000e-08	0.000000e+00	2.700000e-01	0.000000e+00	1.893192e-03	8.646238e-04
6.507000e-08	0.000000e+00	6.300000e-01	0.000000e+00	3.684188e-03	1.639573e-03
6.510000e-08	0.000000e+00	9.000000e-01	0.000000e+00	4.318250e-03	1.467704e-03
6.510800e-08	0.000000e+00	9.000000e-01	0.000000e+00	4.033444e-03	1.210101e-03
6.512400e-08	0.000000e+00	9.000000e-01	0.000000e+00	3.665686e-03	7.675048e-04
6.515600e-08	0.000000e+00	9.000000e-01	0.000000e+00	2.674762e-03	1.397502e-04
6.522000e-08	0.000000e+00	9.000000e-01	0.000000e+00	1.128712e-03	-3.432278e-04
6.534800e-08	0.000000e+00	9.000000e-01	0.000000e+00	-4.802920e-06	-3.888147e-04
6.560400e-08	0.000000e+00	9.000000e-01	0.000000e+00	-5.166663e-04	-1.295607e-04
6.611600e-08	0.000000e+00	9.000000e-01	0.000000e+00	-2.218892e-04	-6.430915e-06
6.714000e-08	0.000000e+00	9.000000e-01	0.000000e+00	3.167130e-05	6.772912e-06
6.874000e-08	0.000000e+00	9.000000e-01	0.000000e+00	1.222603e-05	-6.652086e-07
7.000000e-08	0.000000e+00	9.000000e-01	0.000000e+00	1.480285e-05	7.218715e-06
7.001000e-08	0.000000e+00	9.000000e-01	9.000000e-02	2.585918e-04	2.313988e-05
7.003000e-08	0.000000e+00	9.000000e-01	2.700000e-01	6.259474e-04	3.820566e-05
7.007000e-08	0.000000e+00	9.000000e-01	6.300000e-01	9.662766e-04	-1.730553e-05
7.010000e-08	0.000000e+00	9.000000e-01	9.000000e-01	7.565170e-04	-1.914227e-04
7.010800e-08	0.000000e+00	8.280000e-01	9.000000e-01	2.396306e-04	-3.720335e-04
7.012400e-08	0.000000e+00	6.840000e-01	9.000000e-01	-7.429525e-04	-8.597690e-04
7.015600e-08	0.000000e+00	3.960000e-01	9.000000e-01	-3.042547e-03	-1.862656e-03
7.020000e-08	0.000000e+00	5.895284e-14	9.000000e-01	-5.490585e-03	-2.120672e-03
7.020640e-08	0.000000e+00	0.000000e+00	9.000000e-01	-5.282265e-03	-1.826608e-03
7.021920e-08	0.000000e+00	0.000000e+00	9.000000e-01	-5.052961e-03	-1.289442e-03
7.024480e-08	0.000000e+00	0.000000e+00	9.000000e-01	-4.255725e-03	-4.695428e-04
7.029600e-08	0.000000e+00	0.000000e+00	9.000000e-01	-2.769265e-03	4.268337e-04
7.039840e-08	0.000000e+00	0.000000e+00	9.000000e-01	-1.014004e-03	1.236386e-03
7.060320e-08	0.000000e+00	0.000000e+00	9.000000e-01	4.320711e-04	1.853913e-04
7.101280e-08	0.000000e+00	0.000000e+00	9.000000e-01	4.859234e-04	-3.454517e-05
7.175989e-08	0.000000e+00	0.000000e+00	9.000000e-01	-2.034617e-05	8.707447e-06
7.306195e-08	0.000000e+00	0.000000e+00	9.000000e-01	1.274228e-04	1.937126e-06
7.466195e-08	0.000000e+00	0.000000e+00	9.000000e-01	3.363358e-05	-1.522335e-06
7.500000e-08	0.000000e+00	0.000000e+00	9.000000e-01	2.460259e-05	1.126876e-05
7.501000e-08	0.000000e+00	9.000000e-02	9.000000e-01	5.689067e-04	3.387771e-04
7.503000e-08	0.000000e+00	2.700000e-01	9.000000e-01	1.510974e-03	8.553149e-04
7.507000e-08	0.000000e+00	6.300000e-01	9.000000e-01	3.399408e-03	1.335465e-03
7.510000e-08	0.000000e+00	9.000000e-01	9.000000e-01	3.985200e-03	1.087796e-03
7.510800e-08	0.000000e+00	9.000000e-01	9.000000e-01	3.710192e-03	8.386706e-04
7.512400e-08	0.000000e+00	9.000000e-01	9.000000e-01	3.348798e-03	4.175513e-04
7.515600e-08	0.000000e+00	9.000000e-01	9.000000e-01	2.361374e-03	-1.596448e-04
7.522000e-08	0.000000e+00	9.000000e-01	9.000000e-01	7.727303e-04	-7.837829e-04
7.534800e-08	0.000000e+00	9.000000e-01	9.000000e-01	-5.625298e-04	-3.081277e-04
7.560400e-08	0.000000e+00	9.000000e-01	9.000000e-01	-1.305596e-03	-2.282869e-05
7.611600e-08	0.000000e+00	9.000000e-01	9.000000e-01	-2.320401e-04	9.692767e-06
7.714000e-08	0.000000e+00	9.000000e-01	9.000000e-01	1.888130e-04	-3.727751e-06
7.874000e-08	0.000000e+00	9.000000e-01	9.000000e-01	-2.750568e-05	6.458533e-06
8.000000e-08	0.000000e+00	9.000000e-01	9.000000e-01	5.386625e-06	-3.179972e-06
