time (time)	i(v1) (current)
0.000000e+00	-2.119230e-07
1.000000e-12	-1.071677e-07
2.000000e-12	-9.924806e-08
4.000000e-12	-8.445641e-08
8.000000e-12	-1.254990e-07
1.600000e-11	-1.582521e-07
3.200000e-11	-1.835899e-07
6.400000e-11	-1.960854e-07
1.280000e-10	-2.048733e-07
2.560000e-10	-2.073490e-07
5.120000e-10	-2.107106e-07
1.024000e-09	-2.101803e-07
2.048000e-09	-2.121884e-07
3.648000e-09	-2.108498e-07
5.248000e-09	-2.123648e-07
6.848000e-09	-2.108518e-07
8.448000e-09	-2.123668e-07
1.004800e-08	-2.108500e-07
1.164800e-08	-2.123650e-07
1.324800e-08	-2.108519e-07
1.484800e-08	-2.123669e-07
1.644800e-08	-2.108501e-07
1.804800e-08	-2.123651e-07
1.964800e-08	-2.108520e-07
2.124800e-08	-2.123671e-07
2.284800e-08	-2.108501e-07
2.444800e-08	-2.123654e-07
2.604800e-08	-2.108520e-07
2.764800e-08	-2.123673e-07
2.924800e-08	-2.108501e-07
3.084800e-08	-2.123656e-07
3.244800e-08	-2.108519e-07
3.404800e-08	-2.123676e-07
3.564800e-08	-2.108501e-07
3.724800e-08	-2.123659e-07
3.884800e-08	-2.108518e-07
4.044800e-08	-2.123679e-07
4.204800e-08	-2.108499e-07
4.364800e-08	-2.123663e-07
4.524800e-08	-2.108517e-07
4.684800e-08	-2.123683e-07
4.844800e-08	-2.108498e-07
5.004800e-08	-2.123667e-07
5.164800e-08	-2.108515e-07
5.324800e-08	-2.123687e-07
5.484800e-08	-2.108496e-07
5.644800e-08	-2.123677e-07
5.804800e-08	-2.108513e-07
5.964800e-08	-2.123691e-07
6.124800e-08	-2.108494e-07
6.284800e-08	-2.123681e-07
6.444800e-08	-2.108490e-07
6.604800e-08	-2.123695e-07
6.764800e-08	-2.108471e-07
6.924800e-08	-2.123685e-07
7.084800e-08	-2.108487e-07
7.244800e-08	-2.123699e-07
7.404800e-08	-2.108468e-07
7.564800e-08	-2.123689e-07
7.724800e-08	-2.108484e-07
7.884800e-08	-2.123703e-07
8.000000e-08	-2.107249e-07
