time (time)	i(v1) (current)
0.000000e+00	-2.689063e-09
1.000000e-12	-7.863456e-08
2.000000e-12	3.307536e-08
4.000000e-12	6.626818e-09
8.000000e-12	-4.875531e-09
1.600000e-11	-2.603300e-09
3.200000e-11	-2.294689e-09
6.400000e-11	-1.168109e-09
1.280000e-10	-2.934463e-09
2.560000e-10	-9.682614e-10
5.120000e-10	-3.122215e-09
1.024000e-09	-1.300830e-09
2.048000e-09	-3.481288e-09
3.648000e-09	-1.538805e-09
5.248000e-09	-3.553626e-09
6.848000e-09	-1.539414e-09
8.448000e-09	-3.553811e-09
1.004800e-08	-1.539386e-09
1.164800e-08	-3.553752e-09
1.324800e-08	-1.539830e-09
1.484800e-08	-3.553988e-09
1.644800e-08	-1.539789e-09
1.804800e-08	-3.553842e-09
1.964800e-08	-1.539904e-09
2.124800e-08	-3.554458e-09
2.284800e-08	-1.536874e-09
2.444800e-08	-3.550921e-09
2.604800e-08	-1.533459e-09
2.764800e-08	-3.561033e-09
2.924800e-08	-1.531970e-09
3.084800e-08	-3.558281e-09
3.244800e-08	-1.530100e-09
3.404800e-08	-3.560499e-09
3.564800e-08	-1.533012e-09
3.724800e-08	-3.560942e-09
3.884800e-08	-1.533657e-09
4.044800e-08	-3.559993e-09
4.204800e-08	-1.532918e-09
4.364800e-08	-3.558832e-09
4.524800e-08	-1.531649e-09
4.684800e-08	-3.553519e-09
4.844800e-08	-1.526936e-09
5.004800e-08	-3.555910e-09
5.164800e-08	-1.522936e-09
5.324800e-08	-3.571786e-09
5.484800e-08	-1.539939e-09
5.644800e-08	-3.587792e-09
5.804800e-08	-1.504529e-09
5.964800e-08	-3.587484e-09
6.124800e-08	-1.507260e-09
6.284800e-08	-3.588182e-09
6.444800e-08	-1.507438e-09
6.604800e-08	-3.587578e-09
6.764800e-08	-1.507185e-09
6.924800e-08	-3.586811e-09
7.084800e-08	-1.504065e-09
7.244800e-08	-3.583593e-09
7.404800e-08	-1.500650e-09
7.564800e-08	-3.580040e-09
7.724800e-08	-1.514465e-09
7.884800e-08	-3.594770e-09
8.000000e-08	-1.486987e-09
