time (time)	i(v1) (current)
0.000000e+00	-7.378570e-08
1.000000e-12	-1.365330e-07
2.000000e-12	-1.037277e-07
4.000000e-12	-1.089074e-07
8.000000e-12	-8.998748e-08
1.600000e-11	-1.069105e-07
3.200000e-11	-8.200129e-08
6.400000e-11	-9.459454e-08
1.280000e-10	-7.084563e-08
2.560000e-10	-8.651363e-08
5.120000e-10	-6.612955e-08
1.024000e-09	-8.402212e-08
2.048000e-09	-6.486439e-08
3.648000e-09	-8.342778e-08
5.248000e-09	-6.470797e-08
6.848000e-09	-8.342204e-08
8.448000e-09	-6.470665e-08
1.004800e-08	-8.342104e-08
1.164800e-08	-6.471029e-08
1.324800e-08	-8.341383e-08
1.484800e-08	-6.470779e-08
1.644800e-08	-8.341385e-08
1.804800e-08	-6.471160e-08
1.964800e-08	-8.340771e-08
2.124800e-08	-6.470734e-08
2.284800e-08	-8.340716e-08
2.444800e-08	-6.473038e-08
2.604800e-08	-8.340116e-08
2.764800e-08	-6.473000e-08
2.924800e-08	-8.340166e-08
3.084800e-08	-6.473551e-08
3.244800e-08	-8.339639e-08
3.404800e-08	-6.473454e-08
3.564800e-08	-8.339744e-08
3.724800e-08	-6.473997e-08
3.884800e-08	-8.339294e-08
4.044800e-08	-6.473855e-08
4.204800e-08	-8.339454e-08
4.364800e-08	-6.474265e-08
4.524800e-08	-8.338976e-08
4.684800e-08	-6.474067e-08
4.844800e-08	-8.339092e-08
5.004800e-08	-6.474472e-08
5.164800e-08	-8.338790e-08
5.324800e-08	-6.474247e-08
5.484800e-08	-8.339003e-08
5.644800e-08	-6.474571e-08
5.804800e-08	-8.338679e-08
5.964800e-08	-6.474329e-08
6.124800e-08	-8.338908e-08
6.284800e-08	-6.474623e-08
6.444800e-08	-8.338754e-08
6.604800e-08	-6.474320e-08
6.764800e-08	-8.338884e-08
6.924800e-08	-6.474629e-08
7.084800e-08	-8.338716e-08
7.244800e-08	-6.474316e-08
7.404800e-08	-8.338854e-08
7.564800e-08	-6.474605e-08
7.724800e-08	-8.338704e-08
7.884800e-08	-6.474288e-08
8.000000e-08	-8.349312e-08
