time (time)	i(v1) (current)
0.000000e+00	-5.392300e-09
1.000000e-12	5.236458e-08
2.000000e-12	8.408916e-08
4.000000e-12	5.178313e-08
8.000000e-12	-6.341479e-09
1.600000e-11	2.187291e-08
3.200000e-11	-1.469777e-08
6.400000e-11	1.699163e-08
1.280000e-10	-1.920535e-08
2.560000e-10	1.397861e-08
5.120000e-10	-2.123791e-08
1.024000e-09	1.252499e-08
2.048000e-09	-2.219721e-08
3.648000e-09	1.205407e-08
5.248000e-09	-2.233728e-08
6.848000e-09	1.205548e-08
8.448000e-09	-2.233906e-08
1.004800e-08	1.205177e-08
1.164800e-08	-2.233572e-08
1.324800e-08	1.205415e-08
1.484800e-08	-2.233219e-08
1.644800e-08	1.205691e-08
1.804800e-08	-2.232931e-08
1.964800e-08	1.205963e-08
2.124800e-08	-2.234699e-08
2.284800e-08	1.204105e-08
2.444800e-08	-2.233133e-08
2.604800e-08	1.205672e-08
2.764800e-08	-2.234747e-08
2.924800e-08	1.203964e-08
3.084800e-08	-2.233245e-08
3.244800e-08	1.205483e-08
3.404800e-08	-2.234845e-08
3.564800e-08	1.203807e-08
3.724800e-08	-2.233366e-08
3.884800e-08	1.205301e-08
4.044800e-08	-2.234913e-08
4.204800e-08	1.203656e-08
4.364800e-08	-2.238185e-08
4.524800e-08	1.200311e-08
4.684800e-08	-2.235625e-08
4.844800e-08	1.203175e-08
5.004800e-08	-2.238490e-08
5.164800e-08	1.200144e-08
5.324800e-08	-2.236059e-08
5.484800e-08	1.202693e-08
5.644800e-08	-2.238631e-08
5.804800e-08	1.199961e-08
5.964800e-08	-2.236453e-08
6.124800e-08	1.202217e-08
6.284800e-08	-2.238794e-08
6.444800e-08	1.199775e-08
6.604800e-08	-2.236837e-08
6.764800e-08	1.201787e-08
6.924800e-08	-2.238982e-08
7.084800e-08	1.199570e-08
7.244800e-08	-2.237551e-08
7.404800e-08	1.201226e-08
7.564800e-08	-2.239276e-08
7.724800e-08	1.199414e-08
7.884800e-08	-2.244405e-08
8.000000e-08	1.211135e-08
