time (time)	i(v1) (current)
0.000000e+00	-5.110231e-09
1.000000e-12	-1.077777e-08
2.000000e-12	1.530802e-08
4.000000e-12	1.163870e-08
8.000000e-12	-1.849791e-10
1.600000e-11	-5.322691e-10
3.200000e-11	-5.053257e-09
6.400000e-11	-3.631315e-09
1.280000e-10	-5.686510e-09
2.560000e-10	-4.006817e-09
5.120000e-10	-5.750120e-09
1.024000e-09	-4.220397e-09
2.048000e-09	-5.870679e-09
3.648000e-09	-4.271725e-09
5.248000e-09	-5.888545e-09
6.848000e-09	-4.273023e-09
8.448000e-09	-5.890679e-09
1.004800e-08	-4.274533e-09
1.164800e-08	-5.891794e-09
1.324800e-08	-4.275884e-09
1.484800e-08	-5.893515e-09
1.644800e-08	-4.277423e-09
1.804800e-08	-5.894607e-09
1.964800e-08	-4.278754e-09
2.124800e-08	-5.881912e-09
2.284800e-08	-4.265829e-09
2.444800e-08	-5.893826e-09
2.604800e-08	-4.277378e-09
2.764800e-08	-5.882972e-09
2.924800e-08	-4.265997e-09
3.084800e-08	-5.893651e-09
3.244800e-08	-4.276573e-09
3.404800e-08	-5.883147e-09
3.564800e-08	-4.266935e-09
3.724800e-08	-5.892357e-09
3.884800e-08	-4.275899e-09
4.044800e-08	-5.883728e-09
4.204800e-08	-4.267292e-09
4.364800e-08	-5.891889e-09
4.524800e-08	-4.275050e-09
4.684800e-08	-5.884265e-09
4.844800e-08	-4.267737e-09
5.004800e-08	-5.891512e-09
5.164800e-08	-4.273753e-09
5.324800e-08	-5.885624e-09
5.484800e-08	-4.267711e-09
5.644800e-08	-5.891727e-09
5.804800e-08	-4.273044e-09
5.964800e-08	-5.886169e-09
6.124800e-08	-4.268135e-09
6.284800e-08	-5.891390e-09
6.444800e-08	-4.272663e-09
6.604800e-08	-5.886613e-09
6.764800e-08	-4.272833e-09
6.924800e-08	-5.886607e-09
7.084800e-08	-4.272105e-09
7.244800e-08	-5.886183e-09
7.404800e-08	-4.272165e-09
7.564800e-08	-5.886308e-09
7.724800e-08	-4.271391e-09
7.884800e-08	-5.885880e-09
8.000000e-08	-4.260287e-09
