time (time)	i(v1) (current)
0.000000e+00	-5.197741e-09
1.000000e-12	7.571599e-08
2.000000e-12	5.605487e-08
4.000000e-12	3.053033e-08
8.000000e-12	-2.294090e-10
1.600000e-11	5.244877e-09
3.200000e-11	-3.930602e-09
6.400000e-11	3.147448e-09
1.280000e-10	-6.259301e-09
2.560000e-10	1.256279e-09
5.120000e-10	-7.303450e-09
1.024000e-09	-1.205581e-09
2.048000e-09	-8.377601e-09
3.648000e-09	-1.721632e-09
5.248000e-09	-8.335906e-09
6.848000e-09	-1.581587e-09
8.448000e-09	-8.451362e-09
1.004800e-08	-1.691798e-09
1.164800e-08	-8.364022e-09
1.324800e-08	-1.595644e-09
1.484800e-08	-8.449449e-09
1.644800e-08	-1.683253e-09
1.804800e-08	-8.570665e-09
1.964800e-08	-1.515852e-09
2.124800e-08	-8.351641e-09
2.284800e-08	-1.674784e-09
2.444800e-08	-8.559943e-09
2.604800e-08	-1.537850e-09
2.764800e-08	-8.367812e-09
2.924800e-08	-1.689912e-09
3.084800e-08	-8.527270e-09
3.244800e-08	-1.552101e-09
3.404800e-08	-8.383020e-09
3.564800e-08	-1.684321e-09
3.724800e-08	-8.521124e-09
3.884800e-08	-1.565357e-09
4.044800e-08	-8.396416e-09
4.204800e-08	-1.680252e-09
4.364800e-08	-8.516167e-09
4.524800e-08	-1.577520e-09
4.684800e-08	-8.408502e-09
4.844800e-08	-1.677271e-09
5.004800e-08	-8.512489e-09
5.164800e-08	-1.778157e-09
5.324800e-08	-8.332977e-09
5.484800e-08	-1.587190e-09
5.644800e-08	-8.505887e-09
5.804800e-08	-1.766548e-09
5.964800e-08	-8.349864e-09
6.124800e-08	-1.602604e-09
6.284800e-08	-8.499381e-09
6.444800e-08	-1.758780e-09
6.604800e-08	-8.364300e-09
6.764800e-08	-1.617441e-09
6.924800e-08	-8.493948e-09
7.084800e-08	-1.753099e-09
7.244800e-08	-8.377262e-09
7.404800e-08	-1.631109e-09
7.564800e-08	-8.489766e-09
7.724800e-08	-1.748859e-09
7.884800e-08	-8.389155e-09
8.000000e-08	-1.573668e-09
