time (time)	i(v1) (current)
0.000000e+00	-9.116806e-09
1.000000e-12	4.820308e-07
2.000000e-12	3.505326e-07
4.000000e-12	1.435168e-07
8.000000e-12	3.970127e-08
1.600000e-11	2.932688e-08
3.200000e-11	2.534166e-08
6.400000e-11	1.469052e-08
1.280000e-10	1.454204e-08
2.560000e-10	3.086592e-09
5.120000e-10	2.281668e-09
1.024000e-09	-6.850333e-09
2.048000e-09	-4.007773e-09
3.648000e-09	-1.003992e-08
5.248000e-09	-4.914347e-09
6.848000e-09	-1.003883e-08
8.448000e-09	-4.915497e-09
1.004800e-08	-1.003850e-08
1.164800e-08	-4.916568e-09
1.324800e-08	-1.003688e-08
1.484800e-08	-4.917375e-09
1.644800e-08	-1.003658e-08
1.804800e-08	-4.918444e-09
1.964800e-08	-1.003540e-08
2.124800e-08	-4.919160e-09
2.284800e-08	-1.003506e-08
2.444800e-08	-4.919690e-09
2.604800e-08	-1.003437e-08
2.764800e-08	-4.919724e-09
2.924800e-08	-1.003373e-08
3.084800e-08	-4.921185e-09
3.244800e-08	-1.003333e-08
3.404800e-08	-4.920608e-09
3.564800e-08	-1.003245e-08
3.724800e-08	-4.922269e-09
3.884800e-08	-1.003226e-08
4.044800e-08	-4.921537e-09
4.204800e-08	-1.003173e-08
4.364800e-08	-4.921898e-09
4.524800e-08	-1.003137e-08
4.684800e-08	-4.923766e-09
4.844800e-08	-1.003045e-08
5.004800e-08	-4.922969e-09
5.164800e-08	-1.003107e-08
5.324800e-08	-4.924322e-09
5.484800e-08	-1.003014e-08
5.644800e-08	-4.923769e-09
5.804800e-08	-1.003060e-08
5.964800e-08	-4.925260e-09
6.124800e-08	-1.003042e-08
6.284800e-08	-4.924619e-09
6.444800e-08	-1.003097e-08
6.604800e-08	-4.924517e-09
6.764800e-08	-1.003008e-08
6.924800e-08	-4.923302e-09
7.084800e-08	-1.003071e-08
7.244800e-08	-4.925121e-09
7.404800e-08	-1.002985e-08
7.564800e-08	-4.924018e-09
7.724800e-08	-1.003022e-08
7.884800e-08	-4.925918e-09
8.000000e-08	-9.451258e-09
