time (time)	i(v1) (current)
0.000000e+00	-2.105516e-09
1.000000e-12	1.942416e-07
2.000000e-12	1.402650e-07
4.000000e-12	6.051141e-08
8.000000e-12	2.038278e-08
1.600000e-11	5.964473e-09
3.200000e-11	1.586009e-08
6.400000e-11	1.629905e-09
1.280000e-10	1.119754e-08
2.560000e-10	-3.778291e-09
5.120000e-10	6.543898e-09
1.024000e-09	-6.970952e-09
2.048000e-09	4.750189e-09
3.648000e-09	-7.845182e-09
5.248000e-09	4.511208e-09
6.848000e-09	-7.848355e-09
8.448000e-09	4.521017e-09
1.004800e-08	-7.842662e-09
1.164800e-08	4.522763e-09
1.324800e-08	-7.840871e-09
1.484800e-08	4.526754e-09
1.644800e-08	-7.835510e-09
1.804800e-08	4.499857e-09
1.964800e-08	-7.863926e-09
2.124800e-08	4.523693e-09
2.284800e-08	-7.838163e-09
2.444800e-08	4.502414e-09
2.604800e-08	-7.860979e-09
2.764800e-08	4.520830e-09
2.924800e-08	-7.840795e-09
3.084800e-08	4.505093e-09
3.244800e-08	-7.859193e-09
3.404800e-08	4.520159e-09
3.564800e-08	-7.846144e-09
3.724800e-08	4.504306e-09
3.884800e-08	-7.859887e-09
4.044800e-08	4.517329e-09
4.204800e-08	-7.843566e-09
4.364800e-08	4.505537e-09
4.524800e-08	-7.855328e-09
4.684800e-08	4.514188e-09
4.844800e-08	-7.843040e-09
5.004800e-08	4.508943e-09
5.164800e-08	-7.854547e-09
5.324800e-08	4.512626e-09
5.484800e-08	-7.850926e-09
5.644800e-08	4.511212e-09
5.804800e-08	-7.856496e-09
5.964800e-08	4.517009e-09
6.124800e-08	-7.850400e-09
6.284800e-08	4.511821e-09
6.444800e-08	-7.855914e-09
6.604800e-08	4.516345e-09
6.764800e-08	-7.851289e-09
6.924800e-08	4.512129e-09
7.084800e-08	-7.854342e-09
7.244800e-08	4.516937e-09
7.404800e-08	-7.852009e-09
7.564800e-08	4.511859e-09
7.724800e-08	-7.853215e-09
7.884800e-08	4.516152e-09
8.000000e-08	-7.685906e-09
