time (time)	i(v1) (current)
0.000000e+00	-1.105029e-07
1.000000e-12	-1.159862e-07
2.000000e-12	-8.841327e-08
4.000000e-12	-9.080614e-08
8.000000e-12	-9.945997e-08
1.600000e-11	-1.033445e-07
3.200000e-11	-1.070799e-07
6.400000e-11	-1.085611e-07
1.280000e-10	-1.098429e-07
2.560000e-10	-1.098360e-07
5.120000e-10	-1.105226e-07
1.024000e-09	-1.101545e-07
2.048000e-09	-1.106872e-07
3.648000e-09	-1.102306e-07
5.248000e-09	-1.107100e-07
6.848000e-09	-1.102286e-07
8.448000e-09	-1.107115e-07
1.004800e-08	-1.102269e-07
1.164800e-08	-1.107128e-07
1.324800e-08	-1.102270e-07
1.484800e-08	-1.107141e-07
1.644800e-08	-1.102256e-07
1.804800e-08	-1.107153e-07
1.964800e-08	-1.102232e-07
2.124800e-08	-1.107165e-07
2.284800e-08	-1.102218e-07
2.444800e-08	-1.107176e-07
2.604800e-08	-1.102211e-07
2.764800e-08	-1.107187e-07
2.924800e-08	-1.102207e-07
3.084800e-08	-1.107198e-07
3.244800e-08	-1.102179e-07
3.404800e-08	-1.107208e-07
3.564800e-08	-1.102175e-07
3.724800e-08	-1.107218e-07
3.884800e-08	-1.102169e-07
4.044800e-08	-1.107228e-07
4.204800e-08	-1.102166e-07
4.364800e-08	-1.107237e-07
4.524800e-08	-1.102160e-07
4.684800e-08	-1.107246e-07
4.844800e-08	-1.102133e-07
5.004800e-08	-1.107255e-07
5.164800e-08	-1.102127e-07
5.324800e-08	-1.107263e-07
5.484800e-08	-1.102125e-07
5.644800e-08	-1.107271e-07
5.804800e-08	-1.102119e-07
5.964800e-08	-1.107279e-07
6.124800e-08	-1.102117e-07
6.284800e-08	-1.107287e-07
6.444800e-08	-1.102112e-07
6.604800e-08	-1.107294e-07
6.764800e-08	-1.102085e-07
6.924800e-08	-1.107301e-07
7.084800e-08	-1.102081e-07
7.244800e-08	-1.107308e-07
7.404800e-08	-1.102079e-07
7.564800e-08	-1.107314e-07
7.724800e-08	-1.102074e-07
7.884800e-08	-1.107321e-07
8.000000e-08	-1.101938e-07
