time (time)	i(v1) (current)
0.000000e+00	-7.588894e-05
1.000000e-12	-7.618927e-05
2.000000e-12	-7.579431e-05
4.000000e-12	-7.578675e-05
8.000000e-12	-7.587389e-05
1.600000e-11	-7.586173e-05
3.200000e-11	-7.590229e-05
6.400000e-11	-7.587419e-05
1.280000e-10	-7.592289e-05
2.560000e-10	-7.582772e-05
5.120000e-10	-7.597086e-05
1.024000e-09	-7.579226e-05
2.048000e-09	-7.599544e-05
3.648000e-09	-7.577823e-05
5.248000e-09	-7.600818e-05
6.848000e-09	-7.576569e-05
8.448000e-09	-7.602246e-05
1.004800e-08	-7.575135e-05
1.164800e-08	-7.603884e-05
1.324800e-08	-7.573527e-05
1.484800e-08	-7.605740e-05
1.644800e-08	-7.571703e-05
1.804800e-08	-7.607862e-05
1.964800e-08	-7.569632e-05
2.124800e-08	-7.610309e-05
2.284800e-08	-7.567288e-05
2.444800e-08	-7.613095e-05
2.604800e-08	-7.564642e-05
2.764800e-08	-7.616391e-05
2.924800e-08	-7.561578e-05
3.084800e-08	-7.620177e-05
3.244800e-08	-7.558118e-05
3.404800e-08	-7.624559e-05
3.564800e-08	-7.554198e-05
3.724800e-08	-7.629629e-05
3.884800e-08	-7.549787e-05
4.044800e-08	-7.635475e-05
4.204800e-08	-7.544947e-05
4.364800e-08	-7.642221e-05
4.524800e-08	-7.539459e-05
4.684800e-08	-7.650121e-05
4.844800e-08	-7.533242e-05
5.004800e-08	-7.659289e-05
5.164800e-08	-7.526334e-05
5.324800e-08	-7.669947e-05
5.484800e-08	-7.518674e-05
5.644800e-08	-7.682341e-05
5.804800e-08	-7.510196e-05
5.964800e-08	-7.696786e-05
6.124800e-08	-7.500801e-05
6.284800e-08	-7.713625e-05
6.444800e-08	-7.490313e-05
6.604800e-08	-7.733080e-05
6.764800e-08	-7.478532e-05
6.924800e-08	-7.757609e-05
7.084800e-08	-7.471612e-05
7.244800e-08	-7.785450e-05
7.404800e-08	-7.461020e-05
7.564800e-08	-7.818607e-05
7.724800e-08	-7.450715e-05
7.884800e-08	-7.858410e-05
8.000000e-08	-7.439405e-05
