time (time)	i(v1) (current)
0.000000e+00	-9.544082e-09
1.000000e-12	1.720984e-07
2.000000e-12	1.554985e-07
4.000000e-12	6.972721e-08
8.000000e-12	-2.265261e-09
1.600000e-11	1.296082e-08
3.200000e-11	-4.785062e-09
6.400000e-11	9.553482e-09
1.280000e-10	-1.004020e-08
2.560000e-10	4.145233e-09
5.120000e-10	-1.524800e-08
1.024000e-09	5.637285e-10
2.048000e-09	-1.726805e-08
3.648000e-09	-4.757330e-10
5.248000e-09	-1.756096e-08
6.848000e-09	-4.784581e-10
8.448000e-09	-1.756270e-08
1.004800e-08	-4.773425e-10
1.164800e-08	-1.756219e-08
1.324800e-08	-4.765405e-10
1.484800e-08	-1.756027e-08
1.644800e-08	-4.743432e-10
1.804800e-08	-1.755702e-08
1.964800e-08	-4.744340e-10
2.124800e-08	-1.755736e-08
2.284800e-08	-4.746284e-10
2.444800e-08	-1.755803e-08
2.604800e-08	-4.720237e-10
2.764800e-08	-1.755526e-08
2.924800e-08	-4.709276e-10
3.084800e-08	-1.755521e-08
3.244800e-08	-4.711187e-10
3.404800e-08	-1.755716e-08
3.564800e-08	-4.729146e-10
3.724800e-08	-1.755639e-08
3.884800e-08	-4.722172e-10
4.044800e-08	-1.755884e-08
4.204800e-08	-4.743680e-10
4.364800e-08	-1.755735e-08
4.524800e-08	-4.729231e-10
4.684800e-08	-1.756006e-08
4.844800e-08	-4.750416e-10
5.004800e-08	-1.755780e-08
5.164800e-08	-4.732879e-10
5.324800e-08	-1.756216e-08
5.484800e-08	-4.758494e-10
5.644800e-08	-1.755933e-08
5.804800e-08	-4.735940e-10
5.964800e-08	-1.756286e-08
6.124800e-08	-4.769725e-10
6.284800e-08	-1.755958e-08
6.444800e-08	-4.739998e-10
6.604800e-08	-1.756338e-08
6.764800e-08	-4.776045e-10
6.924800e-08	-1.755974e-08
7.084800e-08	-4.742422e-10
7.244800e-08	-1.756364e-08
7.404800e-08	-4.781202e-10
7.564800e-08	-1.755969e-08
7.724800e-08	-4.744511e-10
7.884800e-08	-1.756388e-08
8.000000e-08	-2.836739e-10
