time (time)	i(v1) (current)
0.000000e+00	-9.205637e-09
1.000000e-12	1.774399e-07
2.000000e-12	1.480660e-07
4.000000e-12	7.133611e-08
8.000000e-12	1.729730e-09
1.600000e-11	1.422485e-08
3.200000e-11	-2.824575e-09
6.400000e-11	9.543290e-09
1.280000e-10	-1.011679e-08
2.560000e-10	4.258380e-09
5.120000e-10	-1.512965e-08
1.024000e-09	7.975403e-10
2.048000e-09	-1.717130e-08
3.648000e-09	-2.406580e-10
5.248000e-09	-1.724022e-08
6.848000e-09	-8.452309e-11
8.448000e-09	-1.738243e-08
1.004800e-08	-2.312134e-10
1.164800e-08	-1.724795e-08
1.324800e-08	-9.136792e-11
1.484800e-08	-1.737653e-08
1.644800e-08	-2.249995e-10
1.804800e-08	-1.725507e-08
1.964800e-08	-9.912394e-11
2.124800e-08	-1.737163e-08
2.284800e-08	-2.205187e-10
2.444800e-08	-1.728509e-08
2.604800e-08	-1.069238e-10
2.764800e-08	-1.738970e-08
2.924800e-08	-2.170592e-10
3.084800e-08	-1.750309e-08
3.244800e-08	-2.689363e-11
3.404800e-08	-1.729081e-08
3.564800e-08	-2.165398e-10
3.724800e-08	-1.748548e-08
3.884800e-08	-3.381085e-11
4.044800e-08	-1.731412e-08
4.204800e-08	-2.257325e-10
4.364800e-08	-1.748403e-08
4.524800e-08	-5.062156e-11
4.684800e-08	-1.732651e-08
4.844800e-08	-2.231398e-10
5.004800e-08	-1.750329e-08
5.164800e-08	-5.787109e-11
5.324800e-08	-1.733088e-08
5.484800e-08	-2.199015e-10
5.644800e-08	-1.749854e-08
5.804800e-08	-7.413892e-11
5.964800e-08	-1.734662e-08
6.124800e-08	-2.179679e-10
6.284800e-08	-1.749557e-08
6.444800e-08	-8.913965e-11
6.604800e-08	-1.736161e-08
6.764800e-08	-1.721824e-10
6.924800e-08	-1.746926e-08
7.084800e-08	-5.422115e-11
7.244800e-08	-1.734673e-08
7.404800e-08	6.614198e-11
7.564800e-08	-1.754355e-08
7.724800e-08	-1.543015e-10
7.884800e-08	-1.735022e-08
8.000000e-08	2.564501e-10
