time (time)	v(in) (voltage)	v(sel) (voltage)	v(rw) (voltage)	v(yyyy_latch) (voltage)	v(yyyy_cell) (voltage)
0.000000e+00	0.000000e+00	0.000000e+00	0.000000e+00	9.999110e-01	7.523145e-07
1.000000e-12	0.000000e+00	0.000000e+00	0.000000e+00	9.999172e-01	-3.809905e-06
2.000000e-12	0.000000e+00	0.000000e+00	0.000000e+00	9.999157e-01	-3.062187e-06
4.000000e-12	0.000000e+00	0.000000e+00	0.000000e+00	9.999139e-01	-2.275165e-06
8.000000e-12	0.000000e+00	0.000000e+00	0.000000e+00	9.999120e-01	-1.380626e-06
1.600000e-11	0.000000e+00	0.000000e+00	0.000000e+00	9.999108e-01	-6.033551e-07
3.200000e-11	0.000000e+00	0.000000e+00	0.000000e+00	9.999103e-01	-2.492310e-07
6.400000e-11	0.000000e+00	0.000000e+00	0.000000e+00	9.999099e-01	2.867964e-07
1.280000e-10	0.000000e+00	0.000000e+00	0.000000e+00	9.999120e-01	4.038527e-07
2.560000e-10	0.000000e+00	0.000000e+00	0.000000e+00	9.999104e-01	6.646991e-07
5.120000e-10	0.000000e+00	0.000000e+00	0.000000e+00	9.999116e-01	6.175967e-07
1.024000e-09	0.000000e+00	0.000000e+00	0.000000e+00	9.999105e-01	7.731506e-07
2.048000e-09	0.000000e+00	0.000000e+00	0.000000e+00	9.999117e-01	6.746358e-07
3.648000e-09	0.000000e+00	0.000000e+00	0.000000e+00	9.999104e-01	7.984635e-07
5.248000e-09	0.000000e+00	0.000000e+00	0.000000e+00	9.999117e-01	6.819656e-07
6.848000e-09	0.000000e+00	0.000000e+00	0.000000e+00	9.999104e-01	7.979523e-07
8.448000e-09	0.000000e+00	0.000000e+00	0.000000e+00	9.999116e-01	6.824730e-07
1.000000e-08	0.000000e+00	0.000000e+00	0.000000e+00	9.999104e-01	7.970584e-07
1.001000e-08	0.000000e+00	0.000000e+00	1.000000e-01	1.000196e+00	3.755658e-05
1.003000e-08	0.000000e+00	0.000000e+00	3.000000e-01	9.999738e-01	-1.150146e-04
1.007000e-08	0.000000e+00	0.000000e+00	7.000000e-01	9.980804e-01	-7.293504e-04
1.010000e-08	0.000000e+00	0.000000e+00	1.000000e+00	9.996398e-01	1.194141e-03
1.010516e-08	0.000000e+00	0.000000e+00	1.000000e+00	9.997793e-01	8.042957e-04
1.011547e-08	0.000000e+00	0.000000e+00	1.000000e+00	9.999258e-01	1.643188e-04
1.013610e-08	0.000000e+00	0.000000e+00	1.000000e+00	9.999938e-01	-4.493880e-05
1.017736e-08	0.000000e+00	0.000000e+00	1.000000e+00	9.999626e-01	3.834137e-05
1.025988e-08	0.000000e+00	0.000000e+00	1.000000e+00	9.998922e-01	-3.355471e-05
1.042491e-08	0.000000e+00	0.000000e+00	1.000000e+00	9.999140e-01	3.360142e-05
1.075498e-08	0.000000e+00	0.000000e+00	1.000000e+00	9.998853e-01	-3.141434e-05
1.141511e-08	0.000000e+00	0.000000e+00	1.000000e+00	9.999127e-01	3.258362e-05
1.273537e-08	0.000000e+00	0.000000e+00	1.000000e+00	9.998853e-01	-3.091941e-05
1.433537e-08	0.000000e+00	0.000000e+00	1.000000e+00	9.999129e-01	3.228575e-05
1.593537e-08	0.000000e+00	0.000000e+00	1.000000e+00	9.998864e-01	-3.066215e-05
1.600000e-08	0.000000e+00	0.000000e+00	1.000000e+00	9.999092e-01	2.913266e-05
1.601000e-08	0.000000e+00	1.000000e-01	1.000000e+00	1.000684e+00	3.121406e-04
1.603000e-08	0.000000e+00	3.000000e-01	1.000000e+00	9.985585e-01	9.938668e-05
1.607000e-08	0.000000e+00	7.000000e-01	1.000000e+00	9.790478e-01	7.684492e-06
1.610000e-08	0.000000e+00	1.000000e+00	1.000000e+00	1.006924e+00	-5.563504e-06
1.610755e-08	0.000000e+00	1.000000e+00	1.000000e+00	1.023224e+00	-3.278919e-04
1.612266e-08	0.000000e+00	1.000000e+00	1.000000e+00	1.051949e+00	-2.194522e-04
1.615288e-08	0.000000e+00	1.000000e+00	1.000000e+00	7.990378e-01	-3.823422e-04
1.620615e-08	0.000000e+00	1.000000e+00	1.000000e+00	1.241023e-01	1.821077e-04
1.626471e-08	0.000000e+00	1.000000e+00	1.000000e+00	-2.967016e-02	2.924653e-04
1.633079e-08	0.000000e+00	1.000000e+00	1.000000e+00	1.250311e-02	-3.824249e-04
1.643781e-08	0.000000e+00	1.000000e+00	1.000000e+00	-7.521679e-03	3.966474e-04
1.657754e-08	0.000000e+00	1.000000e+00	1.000000e+00	5.362359e-03	-3.927266e-04
1.685700e-08	0.000000e+00	1.000000e+00	1.000000e+00	-4.462697e-03	3.906246e-04
1.741591e-08	0.000000e+00	1.000000e+00	1.000000e+00	4.132478e-03	-3.870609e-04
1.853375e-08	0.000000e+00	1.000000e+00	1.000000e+00	-3.952365e-03	3.871580e-04
2.010000e-08	0.000000e+00	1.000000e+00	1.000000e+00	3.842599e-03	-3.849622e-04
2.011000e-08	0.000000e+00	1.000000e+00	9.000000e-01	1.586979e-03	-6.692311e-05
2.013000e-08	0.000000e+00	1.000000e+00	7.000000e-01	-3.235928e-04	8.056563e-05
2.017000e-08	0.000000e+00	1.000000e+00	3.000000e-01	2.428894e-03	3.652190e-04
2.020000e-08	0.000000e+00	1.000000e+00	0.000000e+00	1.366595e-03	-4.410818e-04
2.020651e-08	0.000000e+00	1.000000e+00	0.000000e+00	1.253566e-03	-6.911866e-04
2.021952e-08	0.000000e+00	1.000000e+00	0.000000e+00	7.373593e-04	-3.984619e-04
2.024555e-08	0.000000e+00	1.000000e+00	0.000000e+00	-1.167216e-03	2.839814e-04
2.029761e-08	0.000000e+00	1.000000e+00	0.000000e+00	1.575138e-04	-8.167930e-05
2.035746e-08	0.000000e+00	1.000000e+00	0.000000e+00	2.394164e-04	7.003190e-05
2.047716e-08	0.000000e+00	1.000000e+00	0.000000e+00	-1.140489e-04	-5.878620e-05
2.071657e-08	0.000000e+00	1.000000e+00	0.000000e+00	1.660420e-04	5.925429e-05
2.110000e-08	0.000000e+00	1.000000e+00	0.000000e+00	-1.329265e-04	-5.650119e-05
2.111000e-08	0.000000e+00	9.000000e-01	0.000000e+00	-6.570512e-04	-2.695641e-04
2.113000e-08	0.000000e+00	7.000000e-01	0.000000e+00	-8.374911e-04	-2.070391e-04
2.117000e-08	0.000000e+00	3.000000e-01	0.000000e+00	-1.308420e-04	1.110514e-04
2.120000e-08	0.000000e+00	0.000000e+00	0.000000e+00	-2.222997e-04	7.775383e-05
2.120800e-08	0.000000e+00	0.000000e+00	0.000000e+00	5.074310e-04	3.351839e-04
2.122400e-08	0.000000e+00	0.000000e+00	0.000000e+00	7.148206e-04	1.194996e-04
2.125600e-08	0.000000e+00	0.000000e+00	0.000000e+00	-6.316681e-05	-9.018962e-05
2.132000e-08	0.000000e+00	0.000000e+00	0.000000e+00	1.085823e-04	8.222247e-05
2.144800e-08	0.000000e+00	0.000000e+00	0.000000e+00	-1.747460e-05	-7.631703e-05
2.170400e-08	0.000000e+00	0.000000e+00	0.000000e+00	7.801876e-05	7.574140e-05
2.221600e-08	0.000000e+00	0.000000e+00	0.000000e+00	-2.483700e-05	-7.311786e-05
2.324000e-08	0.000000e+00	0.000000e+00	0.000000e+00	5.726212e-05	7.413965e-05
2.484000e-08	0.000000e+00	0.000000e+00	0.000000e+00	-3.534763e-05	-7.229030e-05
2.600000e-08	0.000000e+00	0.000000e+00	0.000000e+00	4.970104e-05	7.334519e-05
2.601000e-08	0.000000e+00	1.000000e-01	0.000000e+00	9.164369e-04	3.234856e-04
2.603000e-08	0.000000e+00	3.000000e-01	0.000000e+00	8.247999e-04	9.621779e-05
2.607000e-08	0.000000e+00	7.000000e-01	0.000000e+00	-6.457930e-04	2.896455e-05
2.610000e-08	0.000000e+00	1.000000e+00	0.000000e+00	-3.550948e-04	-9.578760e-05
2.610800e-08	0.000000e+00	1.000000e+00	0.000000e+00	-9.316845e-04	-3.711887e-04
2.612400e-08	0.000000e+00	1.000000e+00	0.000000e+00	-9.558876e-04	-1.791457e-04
2.615600e-08	0.000000e+00	1.000000e+00	0.000000e+00	3.933354e-05	7.887552e-05
2.622000e-08	0.000000e+00	1.000000e+00	0.000000e+00	-3.120288e-05	-6.476658e-05
2.634800e-08	0.000000e+00	1.000000e+00	0.000000e+00	1.747782e-05	6.113822e-05
2.660400e-08	0.000000e+00	1.000000e+00	0.000000e+00	-2.195713e-05	-5.756732e-05
2.711600e-08	0.000000e+00	1.000000e+00	0.000000e+00	1.734428e-05	5.803282e-05
2.814000e-08	0.000000e+00	1.000000e+00	0.000000e+00	-1.566251e-05	-5.606371e-05
2.974000e-08	0.000000e+00	1.000000e+00	0.000000e+00	2.026410e-05	5.725434e-05
3.000000e-08	0.000000e+00	1.000000e+00	3.308722e-14	-1.242868e-05	-5.606229e-05
3.001000e-08	0.000000e+00	1.000000e+00	1.000000e-01	4.861529e-04	1.705165e-05
3.003000e-08	0.000000e+00	1.000000e+00	3.000000e-01	2.350666e-04	-1.041577e-04
3.007000e-08	0.000000e+00	1.000000e+00	7.000000e-01	-3.207303e-03	-7.401555e-04
3.010000e-08	0.000000e+00	1.000000e+00	1.000000e+00	-1.045031e-03	1.207461e-03
3.010516e-08	0.000000e+00	1.000000e+00	1.000000e+00	-6.665700e-04	8.075398e-04
3.011547e-08	0.000000e+00	1.000000e+00	1.000000e+00	-2.836752e-05	1.614779e-04
3.013609e-08	0.000000e+00	1.000000e+00	1.000000e+00	6.483792e-04	-4.466014e-05
3.017733e-08	0.000000e+00	1.000000e+00	1.000000e+00	7.338599e-04	3.715624e-05
3.025982e-08	0.000000e+00	1.000000e+00	1.000000e+00	-6.740068e-05	-3.244196e-05
3.035026e-08	0.000000e+00	1.000000e+00	1.000000e+00	7.585953e-05	4.093981e-05
3.053116e-08	0.000000e+00	1.000000e+00	1.000000e+00	2.404747e-05	-3.789699e-05
3.089294e-08	0.000000e+00	1.000000e+00	1.000000e+00	1.926358e-05	3.865950e-05
3.110000e-08	0.000000e+00	1.000000e+00	1.000000e+00	3.071349e-05	-3.591926e-05
3.111000e-08	0.000000e+00	9.000000e-01	1.000000e+00	-7.196792e-04	-1.750312e-04
3.113000e-08	0.000000e+00	7.000000e-01	1.000000e+00	-9.310393e-04	-9.992708e-05
3.117000e-08	0.000000e+00	3.000000e-01	1.000000e+00	1.164579e-03	5.518098e-05
3.120000e-08	0.000000e+00	0.000000e+00	1.000000e+00	1.110136e-03	2.722399e-05
3.120764e-08	0.000000e+00	0.000000e+00	1.000000e+00	9.638265e-04	2.362808e-04
3.122292e-08	0.000000e+00	0.000000e+00	1.000000e+00	-8.963269e-04	7.248121e-05
3.125347e-08	0.000000e+00	0.000000e+00	1.000000e+00	-1.416591e-03	-6.442090e-05
3.131459e-08	0.000000e+00	0.000000e+00	1.000000e+00	5.251347e-04	6.213180e-05
3.138657e-08	0.000000e+00	0.000000e+00	1.000000e+00	-2.032182e-04	-5.747895e-05
3.153052e-08	0.000000e+00	0.000000e+00	1.000000e+00	1.510501e-04	5.741688e-05
3.181844e-08	0.000000e+00	0.000000e+00	1.000000e+00	-1.096651e-04	-5.506384e-05
3.239428e-08	0.000000e+00	0.000000e+00	1.000000e+00	1.085935e-04	5.614091e-05
3.354594e-08	0.000000e+00	0.000000e+00	1.000000e+00	-9.615575e-05	-5.442772e-05
3.500000e-08	0.000000e+00	0.000000e+00	1.000000e+00	9.811774e-05	5.575448e-05
3.501000e-08	1.000000e-01	0.000000e+00	1.000000e+00	4.108682e-04	8.331534e-06
3.503000e-08	3.000000e-01	0.000000e+00	1.000000e+00	4.454710e-04	-2.657094e-06
3.507000e-08	7.000000e-01	0.000000e+00	1.000000e+00	1.148527e-04	3.706856e-06
3.510000e-08	1.000000e+00	0.000000e+00	1.000000e+00	-8.949437e-05	-1.660500e-06
3.510800e-08	1.000000e+00	0.000000e+00	1.000000e+00	-3.929688e-04	-2.904701e-07
3.512400e-08	1.000000e+00	0.000000e+00	1.000000e+00	-5.336044e-04	1.324160e-06
3.515600e-08	1.000000e+00	0.000000e+00	1.000000e+00	-9.825441e-05	4.195335e-07
3.522000e-08	1.000000e+00	0.000000e+00	1.000000e+00	3.851534e-05	6.164866e-07
3.534800e-08	1.000000e+00	0.000000e+00	1.000000e+00	-1.954676e-05	3.682779e-07
3.560400e-08	1.000000e+00	0.000000e+00	1.000000e+00	1.990569e-05	5.838670e-07
3.600000e-08	1.000000e+00	3.308722e-14	1.000000e+00	-1.236410e-05	9.461994e-07
3.601000e-08	1.000000e+00	1.000000e-01	1.000000e+00	1.110302e-03	2.337479e-04
3.603000e-08	1.000000e+00	3.000000e-01	1.000000e+00	3.530074e-04	2.603629e-05
3.607000e-08	1.000000e+00	7.000000e-01	1.000000e+00	-1.319185e-02	-1.723170e-05
3.610000e-08	1.000000e+00	1.000000e+00	1.000000e+00	2.739609e-02	2.787020e-05
3.610800e-08	1.000000e+00	1.000000e+00	1.000000e+00	7.542445e-02	-6.980763e-05
3.612400e-08	1.000000e+00	1.000000e+00	1.000000e+00	2.253037e-01	2.312484e-04
3.615600e-08	1.000000e+00	1.000000e+00	1.000000e+00	6.191199e-01	1.401480e-04
3.621019e-08	1.000000e+00	1.000000e+00	1.000000e+00	9.680632e-01	-4.421594e-04
3.626706e-08	1.000000e+00	1.000000e+00	1.000000e+00	1.003371e+00	2.694088e-04
3.633129e-08	1.000000e+00	1.000000e+00	1.000000e+00	1.000145e+00	-2.094143e-04
3.643652e-08	1.000000e+00	1.000000e+00	1.000000e+00	9.985892e-01	1.879323e-04
3.654540e-08	1.000000e+00	1.000000e+00	1.000000e+00	1.001433e+00	-1.674447e-04
3.676317e-08	1.000000e+00	1.000000e+00	1.000000e+00	9.983694e-01	1.606878e-04
3.712809e-08	1.000000e+00	1.000000e+00	1.000000e+00	1.001509e+00	-1.543968e-04
3.775840e-08	1.000000e+00	1.000000e+00	1.000000e+00	9.984412e-01	1.532817e-04
3.898709e-08	1.000000e+00	1.000000e+00	1.000000e+00	1.001517e+00	-1.503924e-04
4.010000e-08	1.000000e+00	1.000000e+00	1.000000e+00	9.984760e-01	1.504813e-04
4.011000e-08	1.000000e+00	1.000000e+00	9.000000e-01	9.992579e-01	9.822758e-07
4.013000e-08	1.000000e+00	1.000000e+00	7.000000e-01	1.000131e+00	2.424225e-05
4.017000e-08	1.000000e+00	1.000000e+00	3.000000e-01	1.005471e+00	-3.513333e-05
4.020000e-08	1.000000e+00	1.000000e+00	0.000000e+00	1.008991e+00	-1.222984e-02
4.020658e-08	1.000000e+00	1.000000e+00	0.000000e+00	1.006385e+00	-9.078223e-03
4.021974e-08	1.000000e+00	1.000000e+00	0.000000e+00	9.983617e-01	5.781524e-02
4.024606e-08	1.000000e+00	1.000000e+00	0.000000e+00	9.849032e-01	7.675739e-01
4.029870e-08	1.000000e+00	1.000000e+00	0.000000e+00	9.914178e-01	1.056120e+00
4.034620e-08	1.000000e+00	1.000000e+00	0.000000e+00	9.993489e-01	9.617606e-01
4.044120e-08	1.000000e+00	1.000000e+00	0.000000e+00	9.997599e-01	1.029594e+00
4.053347e-08	1.000000e+00	1.000000e+00	0.000000e+00	9.992978e-01	9.753718e-01
4.071801e-08	1.000000e+00	1.000000e+00	0.000000e+00	1.000169e+00	1.021410e+00
4.103169e-08	1.000000e+00	1.000000e+00	0.000000e+00	9.994625e-01	9.793038e-01
4.110000e-08	1.000000e+00	1.000000e+00	0.000000e+00	1.000213e+00	1.014873e+00
4.111000e-08	1.000000e+00	9.000000e-01	0.000000e+00	9.992291e-01	1.003642e+00
4.113000e-08	1.000000e+00	7.000000e-01	0.000000e+00	9.990029e-01	9.981011e-01
4.117000e-08	1.000000e+00	3.000000e-01	0.000000e+00	1.009461e+00	1.011426e+00
4.120000e-08	1.000000e+00	0.000000e+00	0.000000e+00	1.023024e+00	6.776179e-01
4.120800e-08	1.000000e+00	0.000000e+00	0.000000e+00	1.023485e+00	3.126167e-01
4.122400e-08	1.000000e+00	0.000000e+00	0.000000e+00	1.020258e+00	1.003065e-02
4.125600e-08	1.000000e+00	0.000000e+00	0.000000e+00	1.006137e+00	1.898286e-03
4.130465e-08	1.000000e+00	0.000000e+00	0.000000e+00	9.995597e-01	-1.197918e-03
4.135662e-08	1.000000e+00	0.000000e+00	0.000000e+00	1.000438e+00	1.026395e-03
4.146055e-08	1.000000e+00	0.000000e+00	0.000000e+00	9.998889e-01	-9.315096e-04
4.166841e-08	1.000000e+00	0.000000e+00	0.000000e+00	1.000066e+00	8.991938e-04
4.208414e-08	1.000000e+00	0.000000e+00	0.000000e+00	9.998275e-01	-8.789085e-04
4.291560e-08	1.000000e+00	0.000000e+00	0.000000e+00	1.000009e+00	8.724584e-04
4.451560e-08	1.000000e+00	0.000000e+00	0.000000e+00	9.998229e-01	-8.659233e-04
4.510000e-08	1.000000e+00	0.000000e+00	0.000000e+00	9.999945e-01	8.561823e-04
4.511000e-08	9.000000e-01	0.000000e+00	0.000000e+00	9.998288e-01	1.460137e-04
4.513000e-08	7.000000e-01	0.000000e+00	0.000000e+00	9.997317e-01	-9.358047e-05
4.517000e-08	3.000000e-01	0.000000e+00	0.000000e+00	9.999242e-01	8.033696e-05
4.520000e-08	0.000000e+00	0.000000e+00	0.000000e+00	9.999805e-01	-6.067279e-05
4.520800e-08	0.000000e+00	0.000000e+00	0.000000e+00	1.000125e+00	-9.875689e-06
4.522400e-08	0.000000e+00	0.000000e+00	0.000000e+00	1.000107e+00	-4.812829e-06
4.525600e-08	0.000000e+00	0.000000e+00	0.000000e+00	9.998800e-01	4.689885e-06
4.532000e-08	0.000000e+00	0.000000e+00	0.000000e+00	9.999309e-01	-2.500928e-06
4.544800e-08	0.000000e+00	0.000000e+00	0.000000e+00	9.998948e-01	5.143698e-06
4.570400e-08	0.000000e+00	0.000000e+00	0.000000e+00	9.999258e-01	-3.478653e-06
4.600000e-08	0.000000e+00	0.000000e+00	0.000000e+00	9.998979e-01	4.357607e-06
4.601000e-08	0.000000e+00	1.000000e-01	0.000000e+00	1.000681e+00	4.845680e-04
4.603000e-08	0.000000e+00	3.000000e-01	0.000000e+00	9.986021e-01	3.713551e-04
4.607000e-08	0.000000e+00	7.000000e-01	0.000000e+00	9.803652e-01	-6.753486e-03
4.610000e-08	0.000000e+00	1.000000e+00	0.000000e+00	9.814960e-01	5.457069e-02
4.610800e-08	0.000000e+00	1.000000e+00	0.000000e+00	9.831907e-01	2.271981e-01
4.612400e-08	0.000000e+00	1.000000e+00	0.000000e+00	9.869619e-01	7.241893e-01
4.615600e-08	0.000000e+00	1.000000e+00	0.000000e+00	9.926870e-01	1.020302e+00
4.620262e-08	0.000000e+00	1.000000e+00	0.000000e+00	9.986839e-01	9.827354e-01
4.627006e-08	0.000000e+00	1.000000e+00	0.000000e+00	1.000586e+00	1.012499e+00
4.635713e-08	0.000000e+00	1.000000e+00	0.000000e+00	9.994670e-01	9.896316e-01
4.653128e-08	0.000000e+00	1.000000e+00	0.000000e+00	1.000289e+00	1.008921e+00
4.687959e-08	0.000000e+00	1.000000e+00	0.000000e+00	9.995635e-01	9.912181e-01
4.755356e-08	0.000000e+00	1.000000e+00	0.000000e+00	1.000244e+00	1.008186e+00
4.890152e-08	0.000000e+00	1.000000e+00	0.000000e+00	9.995846e-01	9.915857e-01
5.000000e-08	0.000000e+00	1.000000e+00	0.000000e+00	1.000229e+00	1.007923e+00
5.001000e-08	0.000000e+00	1.000000e+00	1.000000e-01	1.000429e+00	1.002393e+00
5.003000e-08	0.000000e+00	1.000000e+00	3.000000e-01	9.999588e-01	9.986567e-01
5.007000e-08	0.000000e+00	1.000000e+00	7.000000e-01	1.000893e+00	1.007295e+00
5.010000e-08	0.000000e+00	1.000000e+00	1.000000e+00	1.019050e+00	6.756194e-01
5.010525e-08	0.000000e+00	1.000000e+00	1.000000e+00	1.024940e+00	4.055913e-01
5.011575e-08	0.000000e+00	1.000000e+00	1.000000e+00	1.042201e+00	5.901433e-02
5.013674e-08	0.000000e+00	1.000000e+00	1.000000e+00	1.058536e+00	-1.409667e-02
5.017874e-08	0.000000e+00	1.000000e+00	1.000000e+00	5.739771e-01	1.258481e-02
5.021654e-08	0.000000e+00	1.000000e+00	1.000000e+00	1.023508e-01	-1.031642e-02
5.029216e-08	0.000000e+00	1.000000e+00	1.000000e+00	-3.386264e-02	9.580671e-03
5.036023e-08	0.000000e+00	1.000000e+00	1.000000e+00	1.290233e-02	-8.686834e-03
5.045967e-08	0.000000e+00	1.000000e+00	1.000000e+00	-6.363314e-03	8.110487e-03
5.063135e-08	0.000000e+00	1.000000e+00	1.000000e+00	4.324391e-03	-7.740747e-03
5.092116e-08	0.000000e+00	1.000000e+00	1.000000e+00	-3.316387e-03	7.575015e-03
5.110000e-08	0.000000e+00	1.000000e+00	1.000000e+00	2.183452e-03	-7.233666e-03
5.111000e-08	0.000000e+00	9.000000e-01	1.000000e+00	1.132884e-03	-1.305298e-03
5.113000e-08	0.000000e+00	7.000000e-01	1.000000e+00	-4.878794e-04	6.912443e-04
5.117000e-08	0.000000e+00	3.000000e-01	1.000000e+00	6.717245e-04	-6.076044e-04
5.120000e-08	0.000000e+00	6.550316e-14	1.000000e+00	-4.008002e-03	5.265666e-04
5.120768e-08	0.000000e+00	0.000000e+00	1.000000e+00	-3.048405e-03	3.517859e-04
5.122303e-08	0.000000e+00	0.000000e+00	1.000000e+00	-2.335392e-03	1.375205e-05
5.125373e-08	0.000000e+00	0.000000e+00	1.000000e+00	-1.246199e-03	-2.614816e-05
5.131295e-08	0.000000e+00	0.000000e+00	1.000000e+00	3.482689e-04	2.869859e-05
5.138519e-08	0.000000e+00	0.000000e+00	1.000000e+00	-4.069111e-05	-2.743723e-05
5.152966e-08	0.000000e+00	0.000000e+00	1.000000e+00	1.110172e-05	2.885257e-05
5.181861e-08	0.000000e+00	0.000000e+00	1.000000e+00	4.099925e-05	-2.717837e-05
5.239651e-08	0.000000e+00	0.000000e+00	1.000000e+00	-2.464161e-05	2.860001e-05
5.355230e-08	0.000000e+00	0.000000e+00	1.000000e+00	4.939030e-05	-2.704420e-05
5.515230e-08	0.000000e+00	0.000000e+00	1.000000e+00	-3.662439e-05	2.850894e-05
5.600000e-08	0.000000e+00	0.000000e+00	1.000000e+00	5.506233e-05	-2.693397e-05
5.601000e-08	0.000000e+00	1.000000e-01	1.000000e+00	9.127235e-04	2.273999e-04
5.603000e-08	0.000000e+00	3.000000e-01	1.000000e+00	1.016912e-03	3.539344e-05
5.607000e-08	0.000000e+00	7.000000e-01	1.000000e+00	-1.078993e-03	-1.546700e-05
5.610000e-08	0.000000e+00	1.000000e+00	1.000000e+00	-1.550027e-03	-6.306794e-05
5.610800e-08	0.000000e+00	1.000000e+00	1.000000e+00	-1.645184e-03	-2.287682e-04
5.612400e-08	0.000000e+00	1.000000e+00	1.000000e+00	-8.171521e-04	-5.093813e-05
5.615600e-08	0.000000e+00	1.000000e+00	1.000000e+00	7.064676e-04	4.881166e-05
5.622000e-08	0.000000e+00	1.000000e+00	1.000000e+00	1.978849e-04	-4.618691e-05
5.630498e-08	0.000000e+00	1.000000e+00	1.000000e+00	1.532549e-06	4.551266e-05
5.645184e-08	0.000000e+00	1.000000e+00	1.000000e+00	9.763371e-05	-4.245727e-05
5.674557e-08	0.000000e+00	1.000000e+00	1.000000e+00	-1.616805e-05	4.317084e-05
5.733303e-08	0.000000e+00	1.000000e+00	1.000000e+00	5.292651e-05	-4.126266e-05
5.850796e-08	0.000000e+00	1.000000e+00	1.000000e+00	-2.710161e-05	4.256113e-05
6.010000e-08	0.000000e+00	1.000000e+00	1.000000e+00	4.210393e-05	-4.090956e-05
6.011000e-08	0.000000e+00	1.000000e+00	9.000000e-01	-3.320465e-04	-2.589969e-05
6.013000e-08	0.000000e+00	1.000000e+00	7.000000e-01	-4.658910e-04	3.601675e-05
6.017000e-08	0.000000e+00	1.000000e+00	3.000000e-01	2.407616e-03	4.136888e-04
6.020000e-08	0.000000e+00	1.000000e+00	0.000000e+00	4.223813e-03	-4.513324e-04
6.020651e-08	0.000000e+00	1.000000e+00	0.000000e+00	3.906847e-03	-7.122869e-04
6.021954e-08	0.000000e+00	1.000000e+00	0.000000e+00	2.133785e-03	-4.343791e-04
6.024559e-08	0.000000e+00	1.000000e+00	0.000000e+00	-1.209003e-03	2.920572e-04
6.029770e-08	0.000000e+00	1.000000e+00	0.000000e+00	2.666823e-04	-8.567372e-05
6.035745e-08	0.000000e+00	1.000000e+00	0.000000e+00	1.451225e-04	7.238676e-05
6.047694e-08	0.000000e+00	1.000000e+00	0.000000e+00	-2.801007e-05	-6.055958e-05
6.071593e-08	0.000000e+00	1.000000e+00	0.000000e+00	8.403467e-05	6.078682e-05
6.110000e-08	0.000000e+00	1.000000e+00	0.000000e+00	-5.322852e-05	-5.789105e-05
6.111000e-08	0.000000e+00	9.000000e-01	0.000000e+00	-6.415553e-04	-2.704641e-04
6.113000e-08	0.000000e+00	7.000000e-01	0.000000e+00	-8.449575e-04	-2.066973e-04
6.117000e-08	0.000000e+00	3.000000e-01	0.000000e+00	-1.251336e-04	1.108249e-04
6.120000e-08	0.000000e+00	6.550316e-14	0.000000e+00	-2.265534e-04	7.787773e-05
6.120800e-08	0.000000e+00	0.000000e+00	0.000000e+00	5.065767e-04	3.352402e-04
6.122400e-08	0.000000e+00	0.000000e+00	0.000000e+00	7.153040e-04	1.194764e-04
6.125600e-08	0.000000e+00	0.000000e+00	0.000000e+00	-6.356158e-05	-9.017645e-05
6.132000e-08	0.000000e+00	0.000000e+00	0.000000e+00	1.089272e-04	8.221329e-05
6.144800e-08	0.000000e+00	0.000000e+00	0.000000e+00	-1.780305e-05	-7.630941e-05
6.170400e-08	0.000000e+00	0.000000e+00	0.000000e+00	7.833828e-05	7.573449e-05
6.221600e-08	0.000000e+00	0.000000e+00	0.000000e+00	-2.515230e-05	-7.311130e-05
6.324000e-08	0.000000e+00	0.000000e+00	0.000000e+00	5.757525e-05	7.413326e-05
6.484000e-08	0.000000e+00	0.000000e+00	0.000000e+00	-3.565934e-05	-7.228402e-05
6.600000e-08	0.000000e+00	0.000000e+00	0.000000e+00	5.001083e-05	7.333905e-05
6.601000e-08	0.000000e+00	1.000000e-01	0.000000e+00	9.164909e-04	3.234823e-04
6.603000e-08	0.000000e+00	3.000000e-01	0.000000e+00	8.247648e-04	9.621935e-05
6.607000e-08	0.000000e+00	7.000000e-01	0.000000e+00	-6.457643e-04	2.896365e-05
6.610000e-08	0.000000e+00	1.000000e+00	0.000000e+00	-3.551174e-04	-9.578737e-05
6.610800e-08	0.000000e+00	1.000000e+00	0.000000e+00	-9.316891e-04	-3.711885e-04
6.612400e-08	0.000000e+00	1.000000e+00	0.000000e+00	-9.558845e-04	-1.791458e-04
6.615600e-08	0.000000e+00	1.000000e+00	0.000000e+00	3.933120e-05	7.887555e-05
6.622000e-08	0.000000e+00	1.000000e+00	0.000000e+00	-3.120070e-05	-6.476658e-05
6.634800e-08	0.000000e+00	1.000000e+00	0.000000e+00	1.747590e-05	6.113822e-05
6.660400e-08	0.000000e+00	1.000000e+00	0.000000e+00	-2.195525e-05	-5.756731e-05
6.711600e-08	0.000000e+00	1.000000e+00	0.000000e+00	1.734243e-05	5.803281e-05
6.814000e-08	0.000000e+00	1.000000e+00	0.000000e+00	-1.566068e-05	-5.606370e-05
6.974000e-08	0.000000e+00	1.000000e+00	0.000000e+00	2.026227e-05	5.725433e-05
7.000000e-08	0.000000e+00	1.000000e+00	0.000000e+00	-1.242691e-05	-5.606228e-05
7.001000e-08	0.000000e+00	1.000000e+00	1.000000e-01	4.861529e-04	1.705161e-05
7.003000e-08	0.000000e+00	1.000000e+00	3.000000e-01	2.350663e-04	-1.041577e-04
7.007000e-08	0.000000e+00	1.000000e+00	7.000000e-01	-3.207303e-03	-7.401555e-04
7.010000e-08	0.000000e+00	1.000000e+00	1.000000e+00	-1.045031e-03	1.207461e-03
7.010516e-08	0.000000e+00	1.000000e+00	1.000000e+00	-6.665701e-04	8.075398e-04
7.011547e-08	0.000000e+00	1.000000e+00	1.000000e+00	-2.836749e-05	1.614779e-04
7.013609e-08	0.000000e+00	1.000000e+00	1.000000e+00	6.483792e-04	-4.466014e-05
7.017733e-08	0.000000e+00	1.000000e+00	1.000000e+00	7.338599e-04	3.715624e-05
7.025982e-08	0.000000e+00	1.000000e+00	1.000000e+00	-6.740068e-05	-3.244196e-05
7.035026e-08	0.000000e+00	1.000000e+00	1.000000e+00	7.585953e-05	4.093981e-05
7.053116e-08	0.000000e+00	1.000000e+00	1.000000e+00	2.404747e-05	-3.789699e-05
7.089294e-08	0.000000e+00	1.000000e+00	1.000000e+00	1.926358e-05	3.865950e-05
7.110000e-08	0.000000e+00	1.000000e+00	1.000000e+00	3.071349e-05	-3.591926e-05
7.111000e-08	0.000000e+00	9.000000e-01	1.000000e+00	-7.196793e-04	-1.750312e-04
7.113000e-08	0.000000e+00	7.000000e-01	1.000000e+00	-9.310393e-04	-9.992708e-05
7.117000e-08	0.000000e+00	3.000000e-01	1.000000e+00	1.164579e-03	5.518098e-05
7.120000e-08	0.000000e+00	6.550316e-14	1.000000e+00	1.110136e-03	2.722399e-05
7.120764e-08	0.000000e+00	0.000000e+00	1.000000e+00	9.638265e-04	2.362808e-04
7.122292e-08	0.000000e+00	0.000000e+00	1.000000e+00	-8.963269e-04	7.248121e-05
7.125347e-08	0.000000e+00	0.000000e+00	1.000000e+00	-1.416591e-03	-6.442090e-05
7.131459e-08	0.000000e+00	0.000000e+00	1.000000e+00	5.251347e-04	6.213180e-05
7.138657e-08	0.000000e+00	0.000000e+00	1.000000e+00	-2.032182e-04	-5.747895e-05
7.153052e-08	0.000000e+00	0.000000e+00	1.000000e+00	1.510501e-04	5.741688e-05
7.181844e-08	0.000000e+00	0.000000e+00	1.000000e+00	-1.096651e-04	-5.506384e-05
7.239428e-08	0.000000e+00	0.000000e+00	1.000000e+00	1.085935e-04	5.614091e-05
7.354594e-08	0.000000e+00	0.000000e+00	1.000000e+00	-9.615575e-05	-5.442772e-05
7.514594e-08	0.000000e+00	0.000000e+00	1.000000e+00	9.843860e-05	5.577006e-05
7.600000e-08	0.000000e+00	0.000000e+00	1.000000e+00	-8.663870e-05	-5.398041e-05
7.601000e-08	0.000000e+00	1.000000e-01	1.000000e+00	8.774924e-04	2.238879e-04
7.603000e-08	0.000000e+00	3.000000e-01	1.000000e+00	8.728745e-04	3.629674e-05
7.607000e-08	0.000000e+00	7.000000e-01	1.000000e+00	-1.372346e-03	-1.498405e-05
7.610000e-08	0.000000e+00	1.000000e+00	1.000000e+00	-1.558331e-03	-6.353909e-05
7.610800e-08	0.000000e+00	1.000000e+00	1.000000e+00	-1.653175e-03	-2.289988e-04
7.612400e-08	0.000000e+00	1.000000e+00	1.000000e+00	-8.309877e-04	-5.116743e-05
7.615600e-08	0.000000e+00	1.000000e+00	1.000000e+00	6.979234e-04	4.897535e-05
7.622000e-08	0.000000e+00	1.000000e+00	1.000000e+00	1.918465e-04	-4.638958e-05
7.630496e-08	0.000000e+00	1.000000e+00	1.000000e+00	-3.333468e-06	4.601348e-05
7.645183e-08	0.000000e+00	1.000000e+00	1.000000e+00	8.897259e-05	-4.323916e-05
7.674558e-08	0.000000e+00	1.000000e+00	1.000000e+00	-2.119704e-05	4.407125e-05
7.733307e-08	0.000000e+00	1.000000e+00	1.000000e+00	4.526430e-05	-4.222519e-05
7.850805e-08	0.000000e+00	1.000000e+00	1.000000e+00	-3.152762e-05	4.354953e-05
8.000000e-08	0.000000e+00	1.000000e+00	1.000000e+00	3.589275e-05	-4.191029e-05
