time (time)	v(in) (voltage)	v(sel) (voltage)	v(rw) (voltage)	v(yyyy_latch) (voltage)	v(yyyy_cell) (voltage)
0.000000e+00	0.000000e+00	0.000000e+00	0.000000e+00	5.689746e-01	2.203388e-06
1.000000e-12	0.000000e+00	0.000000e+00	0.000000e+00	5.689663e-01	3.334467e-06
2.000000e-12	0.000000e+00	0.000000e+00	0.000000e+00	5.689645e-01	3.108027e-06
4.000000e-12	0.000000e+00	0.000000e+00	0.000000e+00	5.689652e-01	2.887878e-06
8.000000e-12	0.000000e+00	0.000000e+00	0.000000e+00	5.689760e-01	3.122548e-06
1.600000e-11	0.000000e+00	0.000000e+00	0.000000e+00	5.689976e-01	3.329325e-06
3.200000e-11	0.000000e+00	0.000000e+00	0.000000e+00	5.690537e-01	2.942349e-06
6.400000e-11	0.000000e+00	0.000000e+00	0.000000e+00	5.697476e-01	3.877788e-06
1.280000e-10	0.000000e+00	0.000000e+00	0.000000e+00	5.659571e-01	-1.436873e-06
2.560000e-10	0.000000e+00	0.000000e+00	0.000000e+00	5.745493e-01	1.024726e-05
5.120000e-10	0.000000e+00	0.000000e+00	0.000000e+00	5.615443e-01	-8.847686e-06
1.024000e-09	0.000000e+00	0.000000e+00	0.000000e+00	5.777207e-01	1.524455e-05
1.961191e-09	0.000000e+00	0.000000e+00	0.000000e+00	5.596432e-01	-1.206011e-05
3.561191e-09	0.000000e+00	0.000000e+00	0.000000e+00	5.789241e-01	1.721890e-05
5.161191e-09	0.000000e+00	0.000000e+00	0.000000e+00	5.587395e-01	-1.361398e-05
6.761191e-09	0.000000e+00	0.000000e+00	0.000000e+00	5.799215e-01	1.884480e-05
8.361191e-09	0.000000e+00	0.000000e+00	0.000000e+00	5.577341e-01	-1.531918e-05
9.961191e-09	0.000000e+00	0.000000e+00	0.000000e+00	5.810187e-01	2.062949e-05
9.966042e-09	0.000000e+00	0.000000e+00	0.000000e+00	5.851899e-01	2.928581e-05
9.975744e-09	0.000000e+00	0.000000e+00	0.000000e+00	5.965318e-01	5.093406e-05
9.995149e-09	0.000000e+00	0.000000e+00	0.000000e+00	6.552303e-01	1.557880e-04
1.000000e-08	0.000000e+00	0.000000e+00	0.000000e+00	6.807635e-01	1.925130e-04
1.000388e-08	0.000000e+00	0.000000e+00	3.880917e-02	7.090621e-01	2.821825e-04
1.001164e-08	0.000000e+00	0.000000e+00	1.164275e-01	7.752993e-01	2.573487e-04
1.002717e-08	0.000000e+00	0.000000e+00	2.716642e-01	9.062341e-01	-2.355058e-04
1.005821e-08	0.000000e+00	0.000000e+00	5.821376e-01	9.962509e-01	-4.495275e-04
1.010000e-08	0.000000e+00	0.000000e+00	1.000000e+00	9.948885e-01	-1.575599e-04
1.010621e-08	0.000000e+00	0.000000e+00	1.000000e+00	9.969233e-01	3.722215e-04
1.011863e-08	0.000000e+00	0.000000e+00	1.000000e+00	9.992275e-01	7.639944e-04
1.014347e-08	0.000000e+00	0.000000e+00	1.000000e+00	9.995611e-01	-7.473397e-05
1.019314e-08	0.000000e+00	0.000000e+00	1.000000e+00	9.996783e-01	6.316676e-06
1.024598e-08	0.000000e+00	0.000000e+00	1.000000e+00	9.998295e-01	2.898379e-05
1.035165e-08	0.000000e+00	0.000000e+00	1.000000e+00	9.998361e-01	-3.230732e-05
1.056300e-08	0.000000e+00	0.000000e+00	1.000000e+00	9.999549e-01	3.913347e-05
1.098569e-08	0.000000e+00	0.000000e+00	1.000000e+00	9.999288e-01	-3.576859e-05
1.183108e-08	0.000000e+00	0.000000e+00	1.000000e+00	1.000007e+00	4.060048e-05
1.343108e-08	0.000000e+00	0.000000e+00	1.000000e+00	9.999570e-01	-3.643001e-05
1.503108e-08	0.000000e+00	0.000000e+00	1.000000e+00	1.000018e+00	4.103328e-05
1.600000e-08	0.000000e+00	0.000000e+00	1.000000e+00	9.999610e-01	-3.688846e-05
1.601000e-08	0.000000e+00	1.000000e-01	1.000000e+00	1.000366e+00	3.181647e-04
1.603000e-08	0.000000e+00	3.000000e-01	1.000000e+00	9.999532e-01	8.260865e-05
1.607000e-08	0.000000e+00	7.000000e-01	1.000000e+00	9.919191e-01	4.742094e-06
1.610000e-08	0.000000e+00	1.000000e+00	1.000000e+00	9.978060e-01	-7.717737e-05
1.610800e-08	0.000000e+00	1.000000e+00	1.000000e+00	1.002296e+00	-3.717224e-04
1.612400e-08	0.000000e+00	1.000000e+00	1.000000e+00	1.015791e+00	-1.196574e-04
1.615600e-08	0.000000e+00	1.000000e+00	1.000000e+00	1.046374e+00	1.090808e-04
1.619795e-08	0.000000e+00	1.000000e+00	1.000000e+00	7.023538e-01	-4.892294e-04
1.624371e-08	0.000000e+00	1.000000e+00	1.000000e+00	2.644510e-01	4.363717e-04
1.632114e-08	0.000000e+00	1.000000e+00	1.000000e+00	3.276381e-03	-1.484452e-04
1.640071e-08	0.000000e+00	1.000000e+00	1.000000e+00	-2.275940e-03	6.485776e-05
1.655728e-08	0.000000e+00	1.000000e+00	1.000000e+00	2.308655e-03	-2.429927e-05
1.671368e-08	0.000000e+00	1.000000e+00	1.000000e+00	-1.989762e-03	-1.843577e-06
1.702649e-08	0.000000e+00	1.000000e+00	1.000000e+00	2.065457e-03	2.020980e-05
1.765211e-08	0.000000e+00	1.000000e+00	1.000000e+00	-1.950660e-03	-2.215739e-05
1.890335e-08	0.000000e+00	1.000000e+00	1.000000e+00	2.035098e-03	2.975100e-05
2.010000e-08	0.000000e+00	1.000000e+00	1.000000e+00	-1.921600e-03	-2.852891e-05
2.011000e-08	0.000000e+00	1.000000e+00	9.000000e-01	-6.015330e-04	2.326607e-05
2.013000e-08	0.000000e+00	1.000000e+00	7.000000e-01	8.167405e-06	7.139000e-05
2.017000e-08	0.000000e+00	1.000000e+00	3.000000e-01	4.682295e-03	8.324227e-04
2.020000e-08	0.000000e+00	1.000000e+00	0.000000e+00	-1.344827e-03	-2.289747e-03
2.020453e-08	0.000000e+00	1.000000e+00	0.000000e+00	-2.132258e-03	-9.156291e-04
2.021358e-08	0.000000e+00	1.000000e+00	0.000000e+00	-2.596745e-03	4.481803e-04
2.023170e-08	0.000000e+00	1.000000e+00	0.000000e+00	-1.134001e-03	2.114226e-04
2.026792e-08	0.000000e+00	1.000000e+00	0.000000e+00	2.544692e-04	-6.420111e-05
2.032689e-08	0.000000e+00	1.000000e+00	0.000000e+00	2.464197e-04	6.814259e-05
2.044482e-08	0.000000e+00	1.000000e+00	0.000000e+00	1.196769e-04	-5.245268e-05
2.068068e-08	0.000000e+00	1.000000e+00	0.000000e+00	4.099850e-05	5.412773e-05
2.110000e-08	0.000000e+00	1.000000e+00	0.000000e+00	4.306870e-05	-4.768532e-05
2.111000e-08	0.000000e+00	9.000000e-01	0.000000e+00	-5.149850e-04	-2.976609e-04
2.113000e-08	0.000000e+00	7.000000e-01	0.000000e+00	-7.815397e-04	-2.108475e-04
2.117000e-08	0.000000e+00	3.000000e-01	0.000000e+00	-4.555899e-04	1.750299e-04
2.120000e-08	0.000000e+00	0.000000e+00	0.000000e+00	-6.995335e-04	4.706661e-05
2.120800e-08	0.000000e+00	0.000000e+00	0.000000e+00	-6.531274e-05	3.210239e-04
2.122400e-08	0.000000e+00	0.000000e+00	0.000000e+00	2.253372e-04	9.011694e-05
2.125600e-08	0.000000e+00	0.000000e+00	0.000000e+00	-2.583507e-05	-1.030713e-04
2.132000e-08	0.000000e+00	0.000000e+00	0.000000e+00	2.533870e-04	1.065866e-04
2.144800e-08	0.000000e+00	0.000000e+00	0.000000e+00	-7.457998e-05	-9.964567e-05
2.170400e-08	0.000000e+00	0.000000e+00	0.000000e+00	1.325863e-04	1.026936e-04
2.221600e-08	0.000000e+00	0.000000e+00	0.000000e+00	-5.418335e-05	-9.710267e-05
2.324000e-08	0.000000e+00	0.000000e+00	0.000000e+00	1.085168e-04	1.015222e-04
2.484000e-08	0.000000e+00	0.000000e+00	0.000000e+00	-6.232435e-05	-9.687097e-05
2.600000e-08	0.000000e+00	0.000000e+00	0.000000e+00	9.597838e-05	1.008964e-04
2.601000e-08	0.000000e+00	1.000000e-01	0.000000e+00	8.074027e-04	3.321251e-04
2.603000e-08	0.000000e+00	3.000000e-01	0.000000e+00	1.097870e-03	6.251680e-05
2.607000e-08	0.000000e+00	7.000000e-01	0.000000e+00	1.033129e-04	3.674934e-05
2.610000e-08	0.000000e+00	1.000000e+00	0.000000e+00	-4.700422e-04	-1.404016e-04
2.610800e-08	0.000000e+00	1.000000e+00	0.000000e+00	-9.224756e-04	-3.981670e-04
2.612400e-08	0.000000e+00	1.000000e+00	0.000000e+00	-8.470665e-04	-1.241078e-04
2.615600e-08	0.000000e+00	1.000000e+00	0.000000e+00	-1.143600e-04	1.136518e-04
2.622000e-08	0.000000e+00	1.000000e+00	0.000000e+00	-4.511828e-05	-9.916452e-05
2.634800e-08	0.000000e+00	1.000000e+00	0.000000e+00	6.761533e-05	9.718923e-05
2.660400e-08	0.000000e+00	1.000000e+00	0.000000e+00	-4.161243e-05	-8.941788e-05
2.711600e-08	0.000000e+00	1.000000e+00	0.000000e+00	6.341779e-05	9.218984e-05
2.814000e-08	0.000000e+00	1.000000e+00	0.000000e+00	-4.101627e-05	-8.696038e-05
2.974000e-08	0.000000e+00	1.000000e+00	0.000000e+00	6.101499e-05	9.084224e-05
3.000000e-08	0.000000e+00	1.000000e+00	3.308722e-14	-3.888349e-05	-8.323719e-05
3.001000e-08	0.000000e+00	1.000000e+00	1.000000e-01	3.427092e-04	1.357667e-05
3.003000e-08	0.000000e+00	1.000000e+00	3.000000e-01	3.145122e-04	-3.085871e-05
3.007000e-08	0.000000e+00	1.000000e+00	7.000000e-01	-1.673785e-03	-5.267633e-04
3.010000e-08	0.000000e+00	1.000000e+00	1.000000e+00	-2.200786e-03	2.097919e-04
3.010678e-08	0.000000e+00	1.000000e+00	1.000000e+00	-1.988605e-03	5.875080e-04
3.012033e-08	0.000000e+00	1.000000e+00	1.000000e+00	-1.399462e-03	5.634705e-04
3.014743e-08	0.000000e+00	1.000000e+00	1.000000e+00	-2.704826e-04	-1.497410e-04
3.020163e-08	0.000000e+00	1.000000e+00	1.000000e+00	1.390906e-04	8.669112e-05
3.026709e-08	0.000000e+00	1.000000e+00	1.000000e+00	3.170205e-05	-4.821061e-05
3.039801e-08	0.000000e+00	1.000000e+00	1.000000e+00	6.450138e-05	4.067030e-05
3.055423e-08	0.000000e+00	1.000000e+00	1.000000e+00	1.490610e-05	-2.817084e-05
3.085554e-08	0.000000e+00	1.000000e+00	1.000000e+00	4.941907e-05	2.894691e-05
3.110000e-08	0.000000e+00	1.000000e+00	1.000000e+00	5.045464e-06	-2.050774e-05
3.111000e-08	0.000000e+00	9.000000e-01	1.000000e+00	-6.445493e-04	-1.797468e-04
3.113000e-08	0.000000e+00	7.000000e-01	1.000000e+00	-8.251275e-04	-9.620756e-05
3.117000e-08	0.000000e+00	3.000000e-01	1.000000e+00	2.038581e-03	7.412242e-05
3.120000e-08	0.000000e+00	0.000000e+00	1.000000e+00	-8.130460e-04	1.127435e-05
3.120518e-08	0.000000e+00	0.000000e+00	1.000000e+00	-9.335696e-04	2.586447e-04
3.121553e-08	0.000000e+00	0.000000e+00	1.000000e+00	-1.205442e-03	1.575413e-04
3.123625e-08	0.000000e+00	0.000000e+00	1.000000e+00	-8.771761e-04	-1.073479e-04
3.127767e-08	0.000000e+00	0.000000e+00	1.000000e+00	-3.153547e-05	9.429621e-05
3.136053e-08	0.000000e+00	0.000000e+00	1.000000e+00	-2.568398e-05	-8.128347e-05
3.152623e-08	0.000000e+00	0.000000e+00	1.000000e+00	6.105032e-05	8.190764e-05
3.185764e-08	0.000000e+00	0.000000e+00	1.000000e+00	-3.607107e-05	-7.560917e-05
3.252047e-08	0.000000e+00	0.000000e+00	1.000000e+00	5.963298e-05	7.909945e-05
3.384611e-08	0.000000e+00	0.000000e+00	1.000000e+00	-3.802969e-05	-7.424419e-05
3.500000e-08	0.000000e+00	0.000000e+00	1.000000e+00	5.717405e-05	7.812531e-05
3.501000e-08	1.000000e-01	0.000000e+00	1.000000e+00	2.827080e-04	1.622726e-05
3.503000e-08	3.000000e-01	0.000000e+00	1.000000e+00	2.840569e-04	-7.430212e-06
3.507000e-08	7.000000e-01	0.000000e+00	1.000000e+00	1.506584e-04	1.001389e-05
3.510000e-08	1.000000e+00	0.000000e+00	1.000000e+00	-5.988911e-05	-3.734488e-06
3.510800e-08	1.000000e+00	0.000000e+00	1.000000e+00	-2.897987e-04	1.936860e-06
3.512400e-08	1.000000e+00	0.000000e+00	1.000000e+00	-3.867782e-04	5.275819e-06
3.515600e-08	1.000000e+00	0.000000e+00	1.000000e+00	-8.380966e-05	2.965479e-06
3.522000e-08	1.000000e+00	0.000000e+00	1.000000e+00	-7.919915e-05	1.354923e-06
3.534800e-08	1.000000e+00	0.000000e+00	1.000000e+00	4.595067e-05	3.064612e-06
3.560400e-08	1.000000e+00	0.000000e+00	1.000000e+00	-1.648771e-05	1.487943e-06
3.600000e-08	1.000000e+00	3.308722e-14	1.000000e+00	4.055140e-05	3.122563e-06
3.601000e-08	1.000000e+00	1.000000e-01	1.000000e+00	1.042445e-03	2.242167e-04
3.603000e-08	1.000000e+00	3.000000e-01	1.000000e+00	1.382931e-03	1.698999e-05
3.607000e-08	1.000000e+00	7.000000e-01	1.000000e+00	-6.584171e-03	-9.621391e-06
3.610000e-08	1.000000e+00	1.000000e+00	1.000000e+00	-1.178483e-02	-7.273925e-05
3.610800e-08	1.000000e+00	1.000000e+00	1.000000e+00	-2.112352e-03	-1.707151e-04
3.612400e-08	1.000000e+00	1.000000e+00	1.000000e+00	4.750473e-02	1.120931e-04
3.615600e-08	1.000000e+00	1.000000e+00	1.000000e+00	3.448924e-01	2.855222e-04
3.620904e-08	1.000000e+00	1.000000e+00	1.000000e+00	9.054659e-01	-2.696580e-04
3.626525e-08	1.000000e+00	1.000000e+00	1.000000e+00	1.003520e+00	-1.034525e-04
3.634695e-08	1.000000e+00	1.000000e+00	1.000000e+00	9.941178e-01	1.947392e-04
3.643572e-08	1.000000e+00	1.000000e+00	1.000000e+00	1.005366e+00	-2.291068e-04
3.655975e-08	1.000000e+00	1.000000e+00	1.000000e+00	9.950651e-01	2.446227e-04
3.675944e-08	1.000000e+00	1.000000e+00	1.000000e+00	1.004588e+00	-2.419828e-04
3.715883e-08	1.000000e+00	1.000000e+00	1.000000e+00	9.955310e-01	2.459954e-04
3.781385e-08	1.000000e+00	1.000000e+00	1.000000e+00	1.004352e+00	-2.412440e-04
3.910447e-08	1.000000e+00	1.000000e+00	1.000000e+00	9.956759e-01	2.451331e-04
4.010000e-08	1.000000e+00	1.000000e+00	1.000000e+00	1.004251e+00	-2.403631e-04
4.011000e-08	1.000000e+00	1.000000e+00	9.000000e-01	1.000833e+00	-8.435363e-05
4.013000e-08	1.000000e+00	1.000000e+00	7.000000e-01	9.996233e-01	1.515697e-04
4.017000e-08	1.000000e+00	1.000000e+00	3.000000e-01	1.007808e+00	-3.492320e-04
4.020000e-08	1.000000e+00	1.000000e+00	0.000000e+00	1.002475e+00	-1.769196e-02
4.020453e-08	1.000000e+00	1.000000e+00	0.000000e+00	9.988970e-01	-1.138011e-02
4.021358e-08	1.000000e+00	1.000000e+00	0.000000e+00	9.930261e-01	2.233384e-02
4.023169e-08	1.000000e+00	1.000000e+00	0.000000e+00	9.922660e-01	3.081750e-01
4.026791e-08	1.000000e+00	1.000000e+00	0.000000e+00	9.968326e-01	9.552500e-01
4.032357e-08	1.000000e+00	1.000000e+00	0.000000e+00	9.974089e-01	1.010581e+00
4.040375e-08	1.000000e+00	1.000000e+00	0.000000e+00	1.000164e+00	9.895088e-01
4.050351e-08	1.000000e+00	1.000000e+00	0.000000e+00	9.995722e-01	1.009319e+00
4.068309e-08	1.000000e+00	1.000000e+00	0.000000e+00	1.000146e+00	9.910903e-01
4.101368e-08	1.000000e+00	1.000000e+00	0.000000e+00	9.997515e-01	1.008556e+00
4.110000e-08	1.000000e+00	1.000000e+00	0.000000e+00	1.000067e+00	9.922828e-01
4.111000e-08	1.000000e+00	9.000000e-01	0.000000e+00	9.995875e-01	9.978974e-01
4.113000e-08	1.000000e+00	7.000000e-01	0.000000e+00	9.998802e-01	1.001381e+00
4.117000e-08	1.000000e+00	3.000000e-01	0.000000e+00	1.010127e+00	1.001013e+00
4.120000e-08	1.000000e+00	0.000000e+00	0.000000e+00	1.010737e+00	3.006818e-01
4.120605e-08	1.000000e+00	0.000000e+00	0.000000e+00	1.008313e+00	1.329482e-01
4.121814e-08	1.000000e+00	0.000000e+00	0.000000e+00	1.003954e+00	1.575866e-04
4.124233e-08	1.000000e+00	0.000000e+00	0.000000e+00	1.000416e+00	1.731789e-03
4.129071e-08	1.000000e+00	0.000000e+00	0.000000e+00	1.000423e+00	-1.392347e-03
4.133747e-08	1.000000e+00	0.000000e+00	0.000000e+00	1.000030e+00	1.189661e-03
4.143101e-08	1.000000e+00	0.000000e+00	0.000000e+00	1.000106e+00	-1.051074e-03
4.161807e-08	1.000000e+00	0.000000e+00	0.000000e+00	9.999586e-01	1.001051e-03
4.199220e-08	1.000000e+00	0.000000e+00	0.000000e+00	1.000038e+00	-9.675386e-04
4.274046e-08	1.000000e+00	0.000000e+00	0.000000e+00	9.999485e-01	9.576418e-04
4.423698e-08	1.000000e+00	0.000000e+00	0.000000e+00	1.000032e+00	-9.464428e-04
4.510000e-08	1.000000e+00	0.000000e+00	0.000000e+00	9.999530e-01	9.385347e-04
4.511000e-08	9.000000e-01	0.000000e+00	0.000000e+00	9.999197e-01	2.212316e-04
4.513000e-08	7.000000e-01	0.000000e+00	0.000000e+00	9.999521e-01	-1.240612e-04
4.517000e-08	3.000000e-01	0.000000e+00	0.000000e+00	1.000016e+00	9.506501e-05
4.520000e-08	0.000000e+00	0.000000e+00	0.000000e+00	1.000000e+00	-5.622606e-05
4.520800e-08	0.000000e+00	0.000000e+00	0.000000e+00	1.000065e+00	-1.312377e-05
4.522400e-08	0.000000e+00	0.000000e+00	0.000000e+00	1.000015e+00	9.199836e-06
4.525600e-08	0.000000e+00	0.000000e+00	0.000000e+00	9.999684e-01	-2.225215e-06
4.532000e-08	0.000000e+00	0.000000e+00	0.000000e+00	1.000014e+00	1.068039e-05
4.544800e-08	0.000000e+00	0.000000e+00	0.000000e+00	9.999699e-01	-5.145868e-06
4.570400e-08	0.000000e+00	0.000000e+00	0.000000e+00	1.000014e+00	9.082913e-06
4.600000e-08	0.000000e+00	0.000000e+00	0.000000e+00	9.999710e-01	-5.488136e-06
4.601000e-08	0.000000e+00	1.000000e-01	0.000000e+00	1.000377e+00	5.438008e-04
4.603000e-08	0.000000e+00	3.000000e-01	0.000000e+00	9.999151e-01	3.803881e-04
4.607000e-08	0.000000e+00	7.000000e-01	0.000000e+00	9.932417e-01	-1.011299e-03
4.610000e-08	0.000000e+00	1.000000e+00	0.000000e+00	9.945107e-01	-1.374851e-02
4.610800e-08	0.000000e+00	1.000000e+00	0.000000e+00	9.951300e-01	-1.247075e-02
4.612400e-08	0.000000e+00	1.000000e+00	0.000000e+00	9.962079e-01	4.813192e-02
4.615600e-08	0.000000e+00	1.000000e+00	0.000000e+00	9.974770e-01	7.709877e-01
4.620818e-08	0.000000e+00	1.000000e+00	0.000000e+00	9.972930e-01	1.023021e+00
4.626177e-08	0.000000e+00	1.000000e+00	0.000000e+00	9.993696e-01	9.790862e-01
4.636746e-08	0.000000e+00	1.000000e+00	0.000000e+00	1.000079e+00	1.017277e+00
4.649170e-08	0.000000e+00	1.000000e+00	0.000000e+00	9.999271e-01	9.838010e-01
4.672966e-08	0.000000e+00	1.000000e+00	0.000000e+00	1.000063e+00	1.015295e+00
4.713523e-08	0.000000e+00	1.000000e+00	0.000000e+00	9.999109e-01	9.848782e-01
4.790441e-08	0.000000e+00	1.000000e+00	0.000000e+00	1.000076e+00	1.014691e+00
4.926859e-08	0.000000e+00	1.000000e+00	0.000000e+00	9.999059e-01	9.851825e-01
5.000000e-08	0.000000e+00	1.000000e+00	0.000000e+00	1.000082e+00	1.014437e+00
5.001000e-08	0.000000e+00	1.000000e+00	1.000000e-01	1.000138e+00	1.002535e+00
5.003000e-08	0.000000e+00	1.000000e+00	3.000000e-01	9.999947e-01	9.983973e-01
5.007000e-08	0.000000e+00	1.000000e+00	7.000000e-01	9.997357e-01	1.001328e+00
5.010000e-08	0.000000e+00	1.000000e+00	1.000000e+00	1.007635e+00	9.905911e-01
5.010694e-08	0.000000e+00	1.000000e+00	1.000000e+00	1.009114e+00	8.007176e-01
5.012083e-08	0.000000e+00	1.000000e+00	1.000000e+00	1.008756e+00	2.066115e-01
5.014860e-08	0.000000e+00	1.000000e+00	1.000000e+00	1.023925e+00	-6.194874e-02
5.017939e-08	0.000000e+00	1.000000e+00	1.000000e+00	1.019796e+00	3.782424e-02
5.022183e-08	0.000000e+00	1.000000e+00	1.000000e+00	6.204786e-01	-2.490687e-02
5.026993e-08	0.000000e+00	1.000000e+00	1.000000e+00	2.030287e-01	1.847140e-02
5.035109e-08	0.000000e+00	1.000000e+00	1.000000e+00	-5.725039e-03	-1.470578e-02
5.044544e-08	0.000000e+00	1.000000e+00	1.000000e+00	-1.029443e-03	1.264970e-02
5.058626e-08	0.000000e+00	1.000000e+00	1.000000e+00	2.446782e-03	-1.114949e-02
5.077644e-08	0.000000e+00	1.000000e+00	1.000000e+00	-2.430499e-03	1.040274e-02
5.110000e-08	0.000000e+00	1.000000e+00	1.000000e+00	2.719137e-03	-9.783082e-03
5.111000e-08	0.000000e+00	9.000000e-01	1.000000e+00	-2.449168e-05	-2.768770e-03
5.113000e-08	0.000000e+00	7.000000e-01	1.000000e+00	-1.102101e-03	1.069333e-03
5.117000e-08	0.000000e+00	3.000000e-01	1.000000e+00	-9.951590e-04	-7.368266e-04
5.120000e-08	0.000000e+00	6.550316e-14	1.000000e+00	-6.211717e-03	4.992219e-04
5.120516e-08	0.000000e+00	0.000000e+00	1.000000e+00	-5.636030e-03	4.769235e-04
5.121547e-08	0.000000e+00	0.000000e+00	1.000000e+00	-4.601792e-03	1.340534e-04
5.123609e-08	0.000000e+00	0.000000e+00	1.000000e+00	-2.469374e-03	-9.799811e-05
5.127735e-08	0.000000e+00	0.000000e+00	1.000000e+00	-2.945738e-04	8.665042e-05
5.135985e-08	0.000000e+00	0.000000e+00	1.000000e+00	3.699102e-05	-7.505795e-05
5.152485e-08	0.000000e+00	0.000000e+00	1.000000e+00	4.466702e-05	7.627474e-05
5.185486e-08	0.000000e+00	0.000000e+00	1.000000e+00	-1.658916e-06	-7.020923e-05
5.251487e-08	0.000000e+00	0.000000e+00	1.000000e+00	4.882654e-05	7.381668e-05
5.383489e-08	0.000000e+00	0.000000e+00	1.000000e+00	-1.155323e-05	-6.901000e-05
5.543489e-08	0.000000e+00	0.000000e+00	1.000000e+00	4.488331e-05	7.308320e-05
5.600000e-08	0.000000e+00	0.000000e+00	1.000000e+00	-1.646022e-05	-6.775271e-05
5.601000e-08	0.000000e+00	1.000000e-01	1.000000e+00	8.202578e-04	2.135888e-04
5.603000e-08	0.000000e+00	3.000000e-01	1.000000e+00	1.308303e-03	2.555200e-05
5.607000e-08	0.000000e+00	7.000000e-01	1.000000e+00	2.954807e-04	-1.009492e-05
5.610000e-08	0.000000e+00	1.000000e+00	1.000000e+00	-9.946585e-04	-7.748356e-05
5.610800e-08	0.000000e+00	1.000000e+00	1.000000e+00	-1.483018e-03	-2.192016e-04
5.612400e-08	0.000000e+00	1.000000e+00	1.000000e+00	-1.277019e-03	-1.788884e-05
5.615600e-08	0.000000e+00	1.000000e+00	1.000000e+00	-1.855934e-04	4.157429e-05
5.622000e-08	0.000000e+00	1.000000e+00	1.000000e+00	-1.995708e-05	-4.060290e-05
5.634800e-08	0.000000e+00	1.000000e+00	1.000000e+00	1.361637e-04	4.565199e-05
5.649382e-08	0.000000e+00	1.000000e+00	1.000000e+00	-1.688881e-05	-4.118121e-05
5.672638e-08	0.000000e+00	1.000000e+00	1.000000e+00	1.006910e-04	4.541266e-05
5.719151e-08	0.000000e+00	1.000000e+00	1.000000e+00	-2.626067e-05	-4.085586e-05
5.812177e-08	0.000000e+00	1.000000e+00	1.000000e+00	7.897695e-05	4.517934e-05
5.972177e-08	0.000000e+00	1.000000e+00	1.000000e+00	-3.821989e-05	-4.072558e-05
6.010000e-08	0.000000e+00	1.000000e+00	1.000000e+00	6.978860e-05	4.488845e-05
6.011000e-08	0.000000e+00	1.000000e+00	9.000000e-01	-3.133148e-04	-2.511224e-05
6.013000e-08	0.000000e+00	1.000000e+00	7.000000e-01	-3.147009e-04	6.592724e-05
6.017000e-08	0.000000e+00	1.000000e+00	3.000000e-01	6.220737e-03	8.941264e-04
6.020000e-08	0.000000e+00	1.000000e+00	0.000000e+00	4.393933e-03	-2.369456e-03
6.020453e-08	0.000000e+00	1.000000e+00	0.000000e+00	3.575568e-03	-9.829759e-04
6.021358e-08	0.000000e+00	1.000000e+00	0.000000e+00	2.211887e-03	4.158410e-04
6.023169e-08	0.000000e+00	1.000000e+00	0.000000e+00	1.352123e-03	2.208767e-04
6.026790e-08	0.000000e+00	1.000000e+00	0.000000e+00	8.869443e-04	-6.141708e-05
6.033668e-08	0.000000e+00	1.000000e+00	0.000000e+00	1.843169e-04	6.700673e-05
6.047424e-08	0.000000e+00	1.000000e+00	0.000000e+00	1.288304e-04	-5.173410e-05
6.074935e-08	0.000000e+00	1.000000e+00	0.000000e+00	1.378002e-05	5.344088e-05
6.110000e-08	0.000000e+00	1.000000e+00	0.000000e+00	6.242562e-05	-4.657204e-05
6.111000e-08	0.000000e+00	9.000000e-01	0.000000e+00	-5.086039e-04	-2.978472e-04
6.113000e-08	0.000000e+00	7.000000e-01	0.000000e+00	-7.805405e-04	-2.110976e-04
6.117000e-08	0.000000e+00	3.000000e-01	0.000000e+00	-4.534626e-04	1.752555e-04
6.120000e-08	0.000000e+00	6.550316e-14	0.000000e+00	-6.998761e-04	4.691924e-05
6.120800e-08	0.000000e+00	0.000000e+00	0.000000e+00	-6.513045e-05	3.210045e-04
6.122400e-08	0.000000e+00	0.000000e+00	0.000000e+00	2.257856e-04	9.011155e-05
6.125600e-08	0.000000e+00	0.000000e+00	0.000000e+00	-2.572228e-05	-1.030803e-04
6.132000e-08	0.000000e+00	0.000000e+00	0.000000e+00	2.535703e-04	1.066030e-04
6.144800e-08	0.000000e+00	0.000000e+00	0.000000e+00	-7.452524e-05	-9.966285e-05
6.170400e-08	0.000000e+00	0.000000e+00	0.000000e+00	1.327417e-04	1.027116e-04
6.221600e-08	0.000000e+00	0.000000e+00	0.000000e+00	-5.420709e-05	-9.712045e-05
6.324000e-08	0.000000e+00	0.000000e+00	0.000000e+00	1.085988e-04	1.015404e-04
6.484000e-08	0.000000e+00	0.000000e+00	0.000000e+00	-6.239133e-05	-9.688923e-05
6.600000e-08	0.000000e+00	0.000000e+00	0.000000e+00	9.605006e-05	1.009148e-04
6.601000e-08	0.000000e+00	1.000000e-01	0.000000e+00	8.073629e-04	3.320966e-04
6.603000e-08	0.000000e+00	3.000000e-01	0.000000e+00	1.097998e-03	6.262672e-05
6.607000e-08	0.000000e+00	7.000000e-01	0.000000e+00	1.032070e-04	3.656602e-05
6.610000e-08	0.000000e+00	1.000000e+00	0.000000e+00	-4.696038e-04	-1.401474e-04
6.610800e-08	0.000000e+00	1.000000e+00	0.000000e+00	-9.222256e-04	-3.982179e-04
6.612400e-08	0.000000e+00	1.000000e+00	0.000000e+00	-8.470714e-04	-1.240960e-04
6.615600e-08	0.000000e+00	1.000000e+00	0.000000e+00	-1.142897e-04	1.136957e-04
6.622000e-08	0.000000e+00	1.000000e+00	0.000000e+00	-4.514505e-05	-9.920784e-05
6.634800e-08	0.000000e+00	1.000000e+00	0.000000e+00	6.756867e-05	9.721821e-05
6.660400e-08	0.000000e+00	1.000000e+00	0.000000e+00	-4.158469e-05	-8.943770e-05
6.711600e-08	0.000000e+00	1.000000e+00	0.000000e+00	6.337655e-05	9.220478e-05
6.814000e-08	0.000000e+00	1.000000e+00	0.000000e+00	-4.097418e-05	-8.697271e-05
6.974000e-08	0.000000e+00	1.000000e+00	0.000000e+00	6.097209e-05	9.085298e-05
7.000000e-08	0.000000e+00	1.000000e+00	0.000000e+00	-3.883241e-05	-8.323736e-05
7.001000e-08	0.000000e+00	1.000000e+00	1.000000e-01	3.426485e-04	1.349006e-05
7.003000e-08	0.000000e+00	1.000000e+00	3.000000e-01	3.145793e-04	-3.074898e-05
7.007000e-08	0.000000e+00	1.000000e+00	7.000000e-01	-1.673845e-03	-5.268888e-04
7.010000e-08	0.000000e+00	1.000000e+00	1.000000e+00	-2.200739e-03	2.099169e-04
7.010677e-08	0.000000e+00	1.000000e+00	1.000000e+00	-1.988647e-03	5.875386e-04
7.012032e-08	0.000000e+00	1.000000e+00	1.000000e+00	-1.399653e-03	5.635582e-04
7.014742e-08	0.000000e+00	1.000000e+00	1.000000e+00	-2.707199e-04	-1.496377e-04
7.020160e-08	0.000000e+00	1.000000e+00	1.000000e+00	1.390738e-04	8.660180e-05
7.026706e-08	0.000000e+00	1.000000e+00	1.000000e+00	3.165751e-05	-4.813970e-05
7.039796e-08	0.000000e+00	1.000000e+00	1.000000e+00	6.454376e-05	4.060755e-05
7.055417e-08	0.000000e+00	1.000000e+00	1.000000e+00	1.488073e-05	-2.811504e-05
7.085539e-08	0.000000e+00	1.000000e+00	1.000000e+00	4.944815e-05	2.889355e-05
7.110000e-08	0.000000e+00	1.000000e+00	1.000000e+00	5.024623e-06	-2.046078e-05
7.111000e-08	0.000000e+00	9.000000e-01	1.000000e+00	-6.445715e-04	-1.797317e-04
7.113000e-08	0.000000e+00	7.000000e-01	1.000000e+00	-8.251416e-04	-9.621345e-05
7.117000e-08	0.000000e+00	3.000000e-01	1.000000e+00	2.038599e-03	7.412617e-05
7.120000e-08	0.000000e+00	6.550316e-14	1.000000e+00	-8.130299e-04	1.127237e-05
7.120518e-08	0.000000e+00	0.000000e+00	1.000000e+00	-9.335561e-04	2.586438e-04
7.121553e-08	0.000000e+00	0.000000e+00	1.000000e+00	-1.205432e-03	1.575415e-04
7.123625e-08	0.000000e+00	0.000000e+00	1.000000e+00	-8.771716e-04	-1.073480e-04
7.127767e-08	0.000000e+00	0.000000e+00	1.000000e+00	-3.153485e-05	9.429621e-05
7.136053e-08	0.000000e+00	0.000000e+00	1.000000e+00	-2.568411e-05	-8.128346e-05
7.152623e-08	0.000000e+00	0.000000e+00	1.000000e+00	6.105034e-05	8.190764e-05
7.185764e-08	0.000000e+00	0.000000e+00	1.000000e+00	-3.607107e-05	-7.560916e-05
7.252047e-08	0.000000e+00	0.000000e+00	1.000000e+00	5.963297e-05	7.909945e-05
7.384611e-08	0.000000e+00	0.000000e+00	1.000000e+00	-3.802968e-05	-7.424419e-05
7.544611e-08	0.000000e+00	0.000000e+00	1.000000e+00	5.715129e-05	7.826954e-05
7.600000e-08	0.000000e+00	0.000000e+00	1.000000e+00	-3.735912e-05	-7.279361e-05
7.601000e-08	0.000000e+00	1.000000e-01	1.000000e+00	7.926785e-04	2.122984e-04
7.603000e-08	0.000000e+00	3.000000e-01	1.000000e+00	1.159295e-03	2.594545e-05
7.607000e-08	0.000000e+00	7.000000e-01	1.000000e+00	-6.160762e-05	-1.017703e-05
7.610000e-08	0.000000e+00	1.000000e+00	1.000000e+00	-1.207495e-03	-7.708792e-05
7.610800e-08	0.000000e+00	1.000000e+00	1.000000e+00	-1.639164e-03	-2.192408e-04
7.612400e-08	0.000000e+00	1.000000e+00	1.000000e+00	-1.362572e-03	-1.805407e-05
7.615600e-08	0.000000e+00	1.000000e+00	1.000000e+00	-2.181281e-04	4.170435e-05
7.622000e-08	0.000000e+00	1.000000e+00	1.000000e+00	-2.350398e-05	-4.076900e-05
7.634800e-08	0.000000e+00	1.000000e+00	1.000000e+00	1.280294e-04	4.581779e-05
7.649382e-08	0.000000e+00	1.000000e+00	1.000000e+00	-2.154703e-05	-4.135073e-05
7.672639e-08	0.000000e+00	1.000000e+00	1.000000e+00	9.336926e-05	4.557946e-05
7.719152e-08	0.000000e+00	1.000000e+00	1.000000e+00	-3.064223e-05	-4.102456e-05
7.812178e-08	0.000000e+00	1.000000e+00	1.000000e+00	7.259305e-05	4.534610e-05
7.972178e-08	0.000000e+00	1.000000e+00	1.000000e+00	-4.150426e-05	-4.089370e-05
8.000000e-08	0.000000e+00	1.000000e+00	1.000000e+00	6.348621e-05	4.496055e-05
