time (time)	v(in) (voltage)	v(sel) (voltage)	v(rw) (voltage)	v(yyyy_latch) (voltage)	v(yyyy_cell) (voltage)
0.000000e+00	0.000000e+00	0.000000e+00	0.000000e+00	9.999720e-01	9.691563e-07
1.000000e-12	0.000000e+00	0.000000e+00	0.000000e+00	9.999773e-01	-7.830997e-05
2.000000e-12	0.000000e+00	0.000000e+00	0.000000e+00	9.999784e-01	-1.086718e-04
4.000000e-12	0.000000e+00	0.000000e+00	0.000000e+00	9.999796e-01	-1.299038e-04
8.000000e-12	0.000000e+00	0.000000e+00	0.000000e+00	9.999783e-01	-8.714949e-05
1.600000e-11	0.000000e+00	0.000000e+00	0.000000e+00	9.999755e-01	-4.415589e-05
3.200000e-11	0.000000e+00	0.000000e+00	0.000000e+00	9.999742e-01	-2.758654e-05
6.400000e-11	0.000000e+00	0.000000e+00	0.000000e+00	9.999730e-01	-1.014530e-05
1.280000e-10	0.000000e+00	0.000000e+00	0.000000e+00	9.999728e-01	-8.194572e-06
2.560000e-10	0.000000e+00	0.000000e+00	0.000000e+00	9.999724e-01	-2.481703e-07
5.120000e-10	0.000000e+00	0.000000e+00	0.000000e+00	9.999724e-01	-3.026921e-06
1.024000e-09	0.000000e+00	0.000000e+00	0.000000e+00	9.999722e-01	2.326845e-06
2.048000e-09	0.000000e+00	0.000000e+00	0.000000e+00	9.999721e-01	-1.698336e-06
3.648000e-09	0.000000e+00	0.000000e+00	0.000000e+00	9.999720e-01	2.910981e-06
5.248000e-09	0.000000e+00	0.000000e+00	0.000000e+00	9.999720e-01	-1.528507e-06
6.848000e-09	0.000000e+00	0.000000e+00	0.000000e+00	9.999720e-01	2.898380e-06
8.448000e-09	0.000000e+00	0.000000e+00	0.000000e+00	9.999720e-01	-1.515982e-06
1.000000e-08	0.000000e+00	0.000000e+00	0.000000e+00	9.999720e-01	2.876973e-06
1.001000e-08	0.000000e+00	0.000000e+00	1.000000e-01	1.000077e+00	-4.096157e-06
1.003000e-08	0.000000e+00	0.000000e+00	3.000000e-01	9.999291e-01	-3.839017e-05
1.007000e-08	0.000000e+00	0.000000e+00	7.000000e-01	9.991470e-01	-3.654524e-04
1.010000e-08	0.000000e+00	0.000000e+00	1.000000e+00	1.000049e+00	7.335528e-04
1.010477e-08	0.000000e+00	0.000000e+00	1.000000e+00	1.000021e+00	3.685850e-04
1.011431e-08	0.000000e+00	0.000000e+00	1.000000e+00	9.999957e-01	-6.010429e-05
1.013340e-08	0.000000e+00	0.000000e+00	1.000000e+00	1.000010e+00	8.060564e-06
1.017157e-08	0.000000e+00	0.000000e+00	1.000000e+00	9.999852e-01	8.998957e-06
1.024791e-08	0.000000e+00	0.000000e+00	1.000000e+00	9.999721e-01	-1.143112e-05
1.040058e-08	0.000000e+00	0.000000e+00	1.000000e+00	9.999712e-01	1.519986e-05
1.070594e-08	0.000000e+00	0.000000e+00	1.000000e+00	9.999648e-01	-1.405865e-05
1.131665e-08	0.000000e+00	0.000000e+00	1.000000e+00	9.999721e-01	1.637303e-05
1.253808e-08	0.000000e+00	0.000000e+00	1.000000e+00	9.999647e-01	-1.462211e-05
1.413808e-08	0.000000e+00	0.000000e+00	1.000000e+00	9.999723e-01	1.673394e-05
1.573808e-08	0.000000e+00	0.000000e+00	1.000000e+00	9.999646e-01	-1.487394e-05
1.600000e-08	0.000000e+00	0.000000e+00	1.000000e+00	9.999727e-01	1.761201e-05
1.601000e-08	0.000000e+00	1.000000e-01	1.000000e+00	1.000321e+00	1.687146e-04
1.603000e-08	0.000000e+00	3.000000e-01	1.000000e+00	9.986940e-01	-4.079675e-06
1.607000e-08	0.000000e+00	7.000000e-01	1.000000e+00	9.884234e-01	3.658973e-05
1.610000e-08	0.000000e+00	1.000000e+00	1.000000e+00	1.028261e+00	-4.248902e-05
1.610730e-08	0.000000e+00	1.000000e+00	1.000000e+00	1.035772e+00	-2.351645e-04
1.612191e-08	0.000000e+00	1.000000e+00	1.000000e+00	9.377650e-01	-3.064337e-04
1.615112e-08	0.000000e+00	1.000000e+00	1.000000e+00	3.862546e-01	-9.088900e-05
1.618516e-08	0.000000e+00	1.000000e+00	1.000000e+00	3.283840e-02	4.286387e-04
1.622554e-08	0.000000e+00	1.000000e+00	1.000000e+00	-3.504233e-03	-2.930634e-04
1.629128e-08	0.000000e+00	1.000000e+00	1.000000e+00	2.972457e-04	2.515057e-04
1.636086e-08	0.000000e+00	1.000000e+00	1.000000e+00	9.723462e-04	-2.147211e-04
1.650004e-08	0.000000e+00	1.000000e+00	1.000000e+00	-1.157627e-03	2.017044e-04
1.677838e-08	0.000000e+00	1.000000e+00	1.000000e+00	1.288063e-03	-1.923898e-04
1.733507e-08	0.000000e+00	1.000000e+00	1.000000e+00	-1.266339e-03	1.909407e-04
1.844846e-08	0.000000e+00	1.000000e+00	1.000000e+00	1.319900e-03	-1.871606e-04
2.004846e-08	0.000000e+00	1.000000e+00	1.000000e+00	-1.290362e-03	1.880012e-04
2.010000e-08	0.000000e+00	1.000000e+00	1.000000e+00	1.388291e-03	-1.521224e-04
2.011000e-08	0.000000e+00	1.000000e+00	9.000000e-01	4.257780e-05	-4.055166e-05
2.013000e-08	0.000000e+00	1.000000e+00	7.000000e-01	-3.200468e-04	4.989469e-05
2.017000e-08	0.000000e+00	1.000000e+00	3.000000e-01	2.609049e-03	3.522178e-04
2.020000e-08	0.000000e+00	1.000000e+00	0.000000e+00	-6.575360e-04	-1.073461e-03
2.020459e-08	0.000000e+00	1.000000e+00	0.000000e+00	-8.056650e-04	-2.517754e-04
2.021376e-08	0.000000e+00	1.000000e+00	0.000000e+00	-8.760638e-04	2.768940e-04
2.023211e-08	0.000000e+00	1.000000e+00	0.000000e+00	-1.239285e-04	3.409241e-06
2.026880e-08	0.000000e+00	1.000000e+00	0.000000e+00	3.230091e-04	3.297324e-05
2.033154e-08	0.000000e+00	1.000000e+00	0.000000e+00	3.707335e-06	-2.345517e-05
2.045702e-08	0.000000e+00	1.000000e+00	0.000000e+00	8.806640e-05	2.618256e-05
2.070798e-08	0.000000e+00	1.000000e+00	0.000000e+00	-2.591659e-05	-2.375053e-05
2.110000e-08	0.000000e+00	1.000000e+00	0.000000e+00	4.839894e-05	2.556907e-05
2.111000e-08	0.000000e+00	9.000000e-01	0.000000e+00	-3.476245e-04	-1.491876e-04
2.113000e-08	0.000000e+00	7.000000e-01	0.000000e+00	-4.095030e-04	-8.208798e-05
2.117000e-08	0.000000e+00	3.000000e-01	0.000000e+00	-4.098203e-05	8.424406e-05
2.120000e-08	0.000000e+00	0.000000e+00	0.000000e+00	-3.074351e-04	1.109102e-05
2.120800e-08	0.000000e+00	0.000000e+00	0.000000e+00	1.876311e-04	1.718899e-04
2.122400e-08	0.000000e+00	0.000000e+00	0.000000e+00	2.624668e-04	3.273802e-06
2.125600e-08	0.000000e+00	0.000000e+00	0.000000e+00	-7.412009e-05	-2.708504e-05
2.132000e-08	0.000000e+00	0.000000e+00	0.000000e+00	1.143137e-04	3.638408e-05
2.144800e-08	0.000000e+00	0.000000e+00	0.000000e+00	-5.099631e-05	-3.688639e-05
2.170400e-08	0.000000e+00	0.000000e+00	0.000000e+00	9.735629e-05	3.983587e-05
2.221600e-08	0.000000e+00	0.000000e+00	0.000000e+00	-5.511158e-05	-3.833384e-05
2.324000e-08	0.000000e+00	0.000000e+00	0.000000e+00	8.344211e-05	4.048531e-05
2.484000e-08	0.000000e+00	0.000000e+00	0.000000e+00	-6.285193e-05	-3.868358e-05
2.600000e-08	0.000000e+00	0.000000e+00	0.000000e+00	7.789391e-05	4.088144e-05
2.601000e-08	0.000000e+00	1.000000e-01	0.000000e+00	5.911648e-04	1.703640e-04
2.603000e-08	0.000000e+00	3.000000e-01	0.000000e+00	3.742498e-04	-5.914217e-06
2.607000e-08	0.000000e+00	7.000000e-01	0.000000e+00	-5.333984e-04	4.485764e-05
2.610000e-08	0.000000e+00	1.000000e+00	0.000000e+00	-2.450193e-04	-9.542144e-05
2.610800e-08	0.000000e+00	1.000000e+00	0.000000e+00	-5.434205e-04	-2.120930e-04
2.612400e-08	0.000000e+00	1.000000e+00	0.000000e+00	-3.694207e-04	-1.473149e-05
2.615600e-08	0.000000e+00	1.000000e+00	0.000000e+00	1.066714e-04	2.996662e-05
2.622000e-08	0.000000e+00	1.000000e+00	0.000000e+00	-7.685060e-05	-3.135756e-05
2.634800e-08	0.000000e+00	1.000000e+00	0.000000e+00	6.645813e-05	3.371543e-05
2.660400e-08	0.000000e+00	1.000000e+00	0.000000e+00	-6.125295e-05	-3.183218e-05
2.711600e-08	0.000000e+00	1.000000e+00	0.000000e+00	6.133150e-05	3.375820e-05
2.814000e-08	0.000000e+00	1.000000e+00	0.000000e+00	-5.576959e-05	-3.182029e-05
2.974000e-08	0.000000e+00	1.000000e+00	0.000000e+00	6.189290e-05	3.374607e-05
3.000000e-08	0.000000e+00	1.000000e+00	3.308722e-14	-5.016094e-05	-3.167601e-05
3.001000e-08	0.000000e+00	1.000000e+00	1.000000e-01	2.534145e-04	1.305192e-05
3.003000e-08	0.000000e+00	1.000000e+00	3.000000e-01	3.778549e-05	-4.896901e-05
3.007000e-08	0.000000e+00	1.000000e+00	7.000000e-01	-2.138573e-03	-3.570280e-04
3.010000e-08	0.000000e+00	1.000000e+00	1.000000e+00	-3.562361e-04	7.294291e-04
3.010477e-08	0.000000e+00	1.000000e+00	1.000000e+00	-1.980205e-04	3.661154e-04
3.011431e-08	0.000000e+00	1.000000e+00	1.000000e+00	-5.197150e-07	-6.208261e-05
3.013339e-08	0.000000e+00	1.000000e+00	1.000000e+00	2.062484e-04	9.589667e-06
3.017155e-08	0.000000e+00	1.000000e+00	1.000000e+00	3.175668e-04	7.720869e-06
3.024377e-08	0.000000e+00	1.000000e+00	1.000000e+00	-3.013880e-05	-1.060719e-05
3.032862e-08	0.000000e+00	1.000000e+00	1.000000e+00	9.566243e-05	1.588293e-05
3.049833e-08	0.000000e+00	1.000000e+00	1.000000e+00	-9.890838e-06	-1.524283e-05
3.083773e-08	0.000000e+00	1.000000e+00	1.000000e+00	4.552303e-05	1.778038e-05
3.110000e-08	0.000000e+00	1.000000e+00	1.000000e+00	-1.602387e-05	-1.655150e-05
3.111000e-08	0.000000e+00	9.000000e-01	1.000000e+00	-4.662553e-04	-8.629660e-05
3.113000e-08	0.000000e+00	7.000000e-01	1.000000e+00	-4.009328e-04	-3.128627e-05
3.117000e-08	0.000000e+00	3.000000e-01	1.000000e+00	1.104724e-03	2.877628e-05
3.120000e-08	0.000000e+00	0.000000e+00	1.000000e+00	-9.442338e-04	7.674179e-06
3.120533e-08	0.000000e+00	0.000000e+00	1.000000e+00	-8.418274e-04	1.505095e-04
3.121598e-08	0.000000e+00	0.000000e+00	1.000000e+00	-7.846665e-04	3.834777e-05
3.123729e-08	0.000000e+00	0.000000e+00	1.000000e+00	-3.065549e-04	-4.738160e-05
3.127992e-08	0.000000e+00	0.000000e+00	1.000000e+00	1.497872e-04	5.005085e-05
3.136516e-08	0.000000e+00	0.000000e+00	1.000000e+00	-9.208103e-05	-4.757442e-05
3.153565e-08	0.000000e+00	0.000000e+00	1.000000e+00	9.511974e-05	4.918162e-05
3.187662e-08	0.000000e+00	0.000000e+00	1.000000e+00	-7.589235e-05	-4.703879e-05
3.255857e-08	0.000000e+00	0.000000e+00	1.000000e+00	8.338619e-05	4.886344e-05
3.392246e-08	0.000000e+00	0.000000e+00	1.000000e+00	-7.351737e-05	-4.687557e-05
3.500000e-08	0.000000e+00	0.000000e+00	1.000000e+00	7.957879e-05	4.873534e-05
3.501000e-08	1.000000e-01	0.000000e+00	1.000000e+00	2.349839e-04	4.226255e-06
3.503000e-08	3.000000e-01	0.000000e+00	1.000000e+00	1.555054e-04	-3.154787e-06
3.507000e-08	7.000000e-01	0.000000e+00	1.000000e+00	3.461460e-05	5.092664e-06
3.510000e-08	1.000000e+00	0.000000e+00	1.000000e+00	-8.238207e-05	-2.959758e-06
3.510800e-08	1.000000e+00	0.000000e+00	1.000000e+00	-2.574075e-04	3.110391e-07
3.512400e-08	1.000000e+00	0.000000e+00	1.000000e+00	-2.264100e-04	1.382866e-06
3.515600e-08	1.000000e+00	0.000000e+00	1.000000e+00	4.215420e-05	2.095599e-07
3.522000e-08	1.000000e+00	0.000000e+00	1.000000e+00	-1.918671e-05	1.590479e-06
3.534800e-08	1.000000e+00	0.000000e+00	1.000000e+00	2.101633e-05	4.039055e-07
3.560400e-08	1.000000e+00	0.000000e+00	1.000000e+00	-1.198851e-05	1.627160e-06
3.600000e-08	1.000000e+00	3.308722e-14	1.000000e+00	1.819857e-05	4.713950e-07
3.601000e-08	1.000000e+00	1.000000e-01	1.000000e+00	7.480118e-04	1.225715e-04
3.603000e-08	1.000000e+00	3.000000e-01	1.000000e+00	2.600976e-05	-2.354867e-05
3.607000e-08	1.000000e+00	7.000000e-01	1.000000e+00	-1.079583e-02	1.999191e-05
3.610000e-08	1.000000e+00	1.000000e+00	1.000000e+00	1.131809e-01	6.483182e-05
3.610800e-08	1.000000e+00	1.000000e+00	1.000000e+00	2.318755e-01	8.047576e-05
3.612400e-08	1.000000e+00	1.000000e+00	1.000000e+00	5.134847e-01	2.175697e-04
3.615600e-08	1.000000e+00	1.000000e+00	1.000000e+00	9.405688e-01	-3.387386e-04
3.620001e-08	1.000000e+00	1.000000e+00	1.000000e+00	1.006260e+00	6.773840e-05
3.624005e-08	1.000000e+00	1.000000e+00	1.000000e+00	9.970771e-01	4.827848e-05
3.629845e-08	1.000000e+00	1.000000e+00	1.000000e+00	1.001682e+00	-7.819100e-05
3.636135e-08	1.000000e+00	1.000000e+00	1.000000e+00	9.988998e-01	9.336759e-05
3.648716e-08	1.000000e+00	1.000000e+00	1.000000e+00	1.000869e+00	-9.423672e-05
3.673876e-08	1.000000e+00	1.000000e+00	1.000000e+00	9.991975e-01	9.682262e-05
3.724198e-08	1.000000e+00	1.000000e+00	1.000000e+00	1.000746e+00	-9.512056e-05
3.824842e-08	1.000000e+00	1.000000e+00	1.000000e+00	9.992591e-01	9.708552e-05
3.984842e-08	1.000000e+00	1.000000e+00	1.000000e+00	1.000718e+00	-9.520775e-05
4.010000e-08	1.000000e+00	1.000000e+00	1.000000e+00	9.993416e-01	9.711001e-05
4.011000e-08	1.000000e+00	1.000000e+00	9.000000e-01	9.996016e-01	-9.140885e-06
4.013000e-08	1.000000e+00	1.000000e+00	7.000000e-01	1.000172e+00	3.489266e-05
4.017000e-08	1.000000e+00	1.000000e+00	3.000000e-01	1.006094e+00	-2.686912e-03
4.020000e-08	1.000000e+00	1.000000e+00	0.000000e+00	1.000141e+00	9.074691e-02
4.020455e-08	1.000000e+00	1.000000e+00	0.000000e+00	9.967875e-01	2.212586e-01
4.021364e-08	1.000000e+00	1.000000e+00	0.000000e+00	9.911427e-01	6.228487e-01
4.023183e-08	1.000000e+00	1.000000e+00	0.000000e+00	9.907082e-01	9.889446e-01
4.026088e-08	1.000000e+00	1.000000e+00	0.000000e+00	9.967795e-01	9.961357e-01
4.031470e-08	1.000000e+00	1.000000e+00	0.000000e+00	1.000186e+00	1.001880e+00
4.037176e-08	1.000000e+00	1.000000e+00	0.000000e+00	9.995226e-01	9.984825e-01
4.048588e-08	1.000000e+00	1.000000e+00	0.000000e+00	1.000014e+00	1.001280e+00
4.071411e-08	1.000000e+00	1.000000e+00	0.000000e+00	9.997892e-01	9.986787e-01
4.110000e-08	1.000000e+00	1.000000e+00	0.000000e+00	1.000070e+00	1.001191e+00
4.111000e-08	1.000000e+00	9.000000e-01	0.000000e+00	9.996219e-01	9.997868e-01
4.113000e-08	1.000000e+00	7.000000e-01	0.000000e+00	9.999581e-01	1.000262e+00
4.117000e-08	1.000000e+00	3.000000e-01	0.000000e+00	1.010730e+00	9.774401e-01
4.120000e-08	1.000000e+00	0.000000e+00	0.000000e+00	1.012477e+00	1.261689e-01
4.120617e-08	1.000000e+00	0.000000e+00	0.000000e+00	1.009787e+00	3.813299e-02
4.121852e-08	1.000000e+00	0.000000e+00	0.000000e+00	1.004392e+00	-9.580978e-03
4.124322e-08	1.000000e+00	0.000000e+00	0.000000e+00	1.000010e+00	7.914238e-03
4.128366e-08	1.000000e+00	0.000000e+00	0.000000e+00	1.000462e+00	-6.667135e-03
4.134673e-08	1.000000e+00	0.000000e+00	0.000000e+00	9.999020e-01	6.039862e-03
4.147286e-08	1.000000e+00	0.000000e+00	0.000000e+00	1.000140e+00	-5.702726e-03
4.172511e-08	1.000000e+00	0.000000e+00	0.000000e+00	9.998689e-01	5.577049e-03
4.222962e-08	1.000000e+00	0.000000e+00	0.000000e+00	1.000084e+00	-5.482811e-03
4.323864e-08	1.000000e+00	0.000000e+00	0.000000e+00	9.998687e-01	5.467585e-03
4.483864e-08	1.000000e+00	0.000000e+00	0.000000e+00	1.000075e+00	-5.425538e-03
4.510000e-08	1.000000e+00	0.000000e+00	0.000000e+00	9.998826e-01	5.309768e-03
4.511000e-08	9.000000e-01	0.000000e+00	0.000000e+00	9.998760e-01	8.007317e-04
4.513000e-08	7.000000e-01	0.000000e+00	0.000000e+00	9.999412e-01	-5.764062e-04
4.517000e-08	3.000000e-01	0.000000e+00	0.000000e+00	9.999929e-01	4.946840e-04
4.520000e-08	0.000000e+00	0.000000e+00	0.000000e+00	9.999826e-01	-3.913427e-04
4.520800e-08	0.000000e+00	0.000000e+00	0.000000e+00	1.000045e+00	-6.321773e-05
4.522400e-08	0.000000e+00	0.000000e+00	0.000000e+00	9.999983e-01	4.257933e-05
4.525600e-08	0.000000e+00	0.000000e+00	0.000000e+00	9.999495e-01	-3.218294e-05
4.532000e-08	0.000000e+00	0.000000e+00	0.000000e+00	9.999928e-01	3.075117e-05
4.544800e-08	0.000000e+00	0.000000e+00	0.000000e+00	9.999530e-01	-3.384242e-05
4.570400e-08	0.000000e+00	0.000000e+00	0.000000e+00	9.999913e-01	2.772395e-05
4.600000e-08	0.000000e+00	0.000000e+00	0.000000e+00	9.999539e-01	-2.518276e-05
4.601000e-08	0.000000e+00	1.000000e-01	0.000000e+00	1.000325e+00	2.954412e-04
4.603000e-08	0.000000e+00	3.000000e-01	0.000000e+00	9.987321e-01	1.284462e-04
4.607000e-08	0.000000e+00	7.000000e-01	0.000000e+00	9.888656e-01	-6.732988e-03
4.610000e-08	0.000000e+00	1.000000e+00	0.000000e+00	9.928627e-01	3.655493e-01
4.610800e-08	0.000000e+00	1.000000e+00	0.000000e+00	9.937341e-01	7.290153e-01
4.612400e-08	0.000000e+00	1.000000e+00	0.000000e+00	9.944378e-01	9.814891e-01
4.615600e-08	0.000000e+00	1.000000e+00	0.000000e+00	9.976792e-01	9.993715e-01
4.619464e-08	0.000000e+00	1.000000e+00	0.000000e+00	1.000364e+00	9.992120e-01
4.626231e-08	0.000000e+00	1.000000e+00	0.000000e+00	9.997106e-01	1.000603e+00
4.636125e-08	0.000000e+00	1.000000e+00	0.000000e+00	1.000175e+00	9.993593e-01
4.655914e-08	0.000000e+00	1.000000e+00	0.000000e+00	9.997916e-01	1.000514e+00
4.695492e-08	0.000000e+00	1.000000e+00	0.000000e+00	1.000142e+00	9.994020e-01
4.774647e-08	0.000000e+00	1.000000e+00	0.000000e+00	9.998070e-01	1.000493e+00
4.932958e-08	0.000000e+00	1.000000e+00	0.000000e+00	1.000135e+00	9.994123e-01
5.000000e-08	0.000000e+00	1.000000e+00	0.000000e+00	9.998149e-01	1.000482e+00
5.001000e-08	0.000000e+00	1.000000e+00	1.000000e-01	1.000068e+00	1.000089e+00
5.003000e-08	0.000000e+00	1.000000e+00	3.000000e-01	9.999067e-01	9.997497e-01
5.007000e-08	0.000000e+00	1.000000e+00	7.000000e-01	1.003162e+00	9.988545e-01
5.010000e-08	0.000000e+00	1.000000e+00	1.000000e+00	1.025821e+00	1.563125e-01
5.010476e-08	0.000000e+00	1.000000e+00	1.000000e+00	1.034915e+00	5.601606e-02
5.011429e-08	0.000000e+00	1.000000e+00	1.000000e+00	1.052409e+00	-8.203355e-03
5.013335e-08	0.000000e+00	1.000000e+00	1.000000e+00	8.689785e-01	6.864776e-03
5.016779e-08	0.000000e+00	1.000000e+00	1.000000e+00	2.472906e-01	-5.984315e-03
5.020764e-08	0.000000e+00	1.000000e+00	1.000000e+00	-1.276535e-02	5.435895e-03
5.025164e-08	0.000000e+00	1.000000e+00	1.000000e+00	5.126587e-03	-4.723752e-03
5.032885e-08	0.000000e+00	1.000000e+00	1.000000e+00	-3.479586e-03	4.366773e-03
5.040843e-08	0.000000e+00	1.000000e+00	1.000000e+00	2.628300e-03	-4.023181e-03
5.056759e-08	0.000000e+00	1.000000e+00	1.000000e+00	-2.241360e-03	3.863221e-03
5.088591e-08	0.000000e+00	1.000000e+00	1.000000e+00	2.152586e-03	-3.777522e-03
5.110000e-08	0.000000e+00	1.000000e+00	1.000000e+00	-1.941071e-03	3.675248e-03
5.111000e-08	0.000000e+00	9.000000e-01	1.000000e+00	-9.588952e-04	4.572979e-04
5.113000e-08	0.000000e+00	7.000000e-01	1.000000e+00	-1.980115e-04	-4.309761e-04
5.117000e-08	0.000000e+00	3.000000e-01	1.000000e+00	-2.034571e-03	3.697500e-04
5.120000e-08	0.000000e+00	6.550316e-14	1.000000e+00	-1.672771e-03	-2.585971e-04
5.120541e-08	0.000000e+00	0.000000e+00	1.000000e+00	-1.326488e-03	8.719887e-05
5.121622e-08	0.000000e+00	0.000000e+00	1.000000e+00	-1.022014e-03	6.495580e-05
5.123785e-08	0.000000e+00	0.000000e+00	1.000000e+00	-3.375977e-04	-6.638062e-05
5.128111e-08	0.000000e+00	0.000000e+00	1.000000e+00	1.766289e-04	6.633669e-05
5.136763e-08	0.000000e+00	0.000000e+00	1.000000e+00	-1.083111e-04	-6.258815e-05
5.154067e-08	0.000000e+00	0.000000e+00	1.000000e+00	1.201586e-04	6.361752e-05
5.188675e-08	0.000000e+00	0.000000e+00	1.000000e+00	-8.909631e-05	-6.118400e-05
5.257892e-08	0.000000e+00	0.000000e+00	1.000000e+00	1.073642e-04	6.287405e-05
5.396324e-08	0.000000e+00	0.000000e+00	1.000000e+00	-8.830780e-05	-6.081520e-05
5.556324e-08	0.000000e+00	0.000000e+00	1.000000e+00	1.016167e-04	6.263845e-05
5.600000e-08	0.000000e+00	0.000000e+00	1.000000e+00	-8.398137e-05	-6.030353e-05
5.601000e-08	0.000000e+00	1.000000e-01	1.000000e+00	5.799609e-04	1.163321e-04
5.603000e-08	0.000000e+00	3.000000e-01	1.000000e+00	6.048734e-04	-1.641079e-05
5.607000e-08	0.000000e+00	7.000000e-01	1.000000e+00	-7.341524e-04	1.727641e-05
5.610000e-08	0.000000e+00	1.000000e+00	1.000000e+00	-8.401986e-04	-5.575139e-05
5.610800e-08	0.000000e+00	1.000000e+00	1.000000e+00	-8.931570e-04	-1.166669e-04
5.612400e-08	0.000000e+00	1.000000e+00	1.000000e+00	-3.280387e-04	1.826185e-05
5.615600e-08	0.000000e+00	1.000000e+00	1.000000e+00	4.145329e-04	1.015228e-06
5.622000e-08	0.000000e+00	1.000000e+00	1.000000e+00	4.412070e-06	-4.731545e-06
5.629715e-08	0.000000e+00	1.000000e+00	1.000000e+00	8.755843e-05	1.011074e-05
5.644871e-08	0.000000e+00	1.000000e+00	1.000000e+00	1.983429e-05	-9.506044e-06
5.675183e-08	0.000000e+00	1.000000e+00	1.000000e+00	3.595857e-05	1.204366e-05
5.735807e-08	0.000000e+00	1.000000e+00	1.000000e+00	8.023311e-07	-1.038526e-05
5.857054e-08	0.000000e+00	1.000000e+00	1.000000e+00	2.110431e-05	1.245577e-05
6.010000e-08	0.000000e+00	1.000000e+00	1.000000e+00	-4.929644e-06	-1.062479e-05
6.011000e-08	0.000000e+00	1.000000e+00	9.000000e-01	-2.432113e-04	-7.366656e-06
6.013000e-08	0.000000e+00	1.000000e+00	7.000000e-01	-1.636229e-04	3.022293e-05
6.017000e-08	0.000000e+00	1.000000e+00	3.000000e-01	3.556910e-03	3.831834e-04
6.020000e-08	0.000000e+00	1.000000e+00	0.000000e+00	1.854855e-03	-1.112534e-03
6.020459e-08	0.000000e+00	1.000000e+00	0.000000e+00	1.187103e-03	-2.800575e-04
6.021377e-08	0.000000e+00	1.000000e+00	0.000000e+00	1.350464e-04	2.753306e-04
6.023214e-08	0.000000e+00	1.000000e+00	0.000000e+00	4.508430e-05	9.719456e-06
6.026887e-08	0.000000e+00	1.000000e+00	0.000000e+00	3.227120e-04	2.950877e-05
6.033212e-08	0.000000e+00	1.000000e+00	0.000000e+00	-1.032598e-05	-2.072484e-05
6.045861e-08	0.000000e+00	1.000000e+00	0.000000e+00	1.043567e-04	2.372126e-05
6.071160e-08	0.000000e+00	1.000000e+00	0.000000e+00	-4.350539e-05	-2.143085e-05
6.110000e-08	0.000000e+00	1.000000e+00	0.000000e+00	6.631143e-05	2.332921e-05
6.111000e-08	0.000000e+00	9.000000e-01	0.000000e+00	-3.478136e-04	-1.497989e-04
6.113000e-08	0.000000e+00	7.000000e-01	0.000000e+00	-4.116370e-04	-8.174603e-05
6.117000e-08	0.000000e+00	3.000000e-01	0.000000e+00	-3.916414e-05	8.397307e-05
6.120000e-08	0.000000e+00	6.550316e-14	0.000000e+00	-3.088716e-04	1.128797e-05
6.120800e-08	0.000000e+00	0.000000e+00	0.000000e+00	1.873607e-04	1.719370e-04
6.122400e-08	0.000000e+00	0.000000e+00	0.000000e+00	2.626382e-04	3.246607e-06
6.125600e-08	0.000000e+00	0.000000e+00	0.000000e+00	-7.425268e-05	-2.706454e-05
6.132000e-08	0.000000e+00	0.000000e+00	0.000000e+00	1.144408e-04	3.636645e-05
6.144800e-08	0.000000e+00	0.000000e+00	0.000000e+00	-5.110697e-05	-3.686998e-05
6.170400e-08	0.000000e+00	0.000000e+00	0.000000e+00	9.747136e-05	3.982008e-05
6.221600e-08	0.000000e+00	0.000000e+00	0.000000e+00	-5.522161e-05	-3.831832e-05
6.324000e-08	0.000000e+00	0.000000e+00	0.000000e+00	8.355256e-05	4.046994e-05
6.484000e-08	0.000000e+00	0.000000e+00	0.000000e+00	-6.296183e-05	-3.866829e-05
6.600000e-08	0.000000e+00	0.000000e+00	0.000000e+00	7.789996e-05	4.077248e-05
6.601000e-08	0.000000e+00	1.000000e-01	0.000000e+00	5.911663e-04	1.703565e-04
6.603000e-08	0.000000e+00	3.000000e-01	0.000000e+00	3.742478e-04	-5.905253e-06
6.607000e-08	0.000000e+00	7.000000e-01	0.000000e+00	-5.333956e-04	4.484873e-05
6.610000e-08	0.000000e+00	1.000000e+00	0.000000e+00	-2.450196e-04	-9.541302e-05
6.610800e-08	0.000000e+00	1.000000e+00	0.000000e+00	-5.434196e-04	-2.120920e-04
6.612400e-08	0.000000e+00	1.000000e+00	0.000000e+00	-3.694209e-04	-1.473248e-05
6.615600e-08	0.000000e+00	1.000000e+00	0.000000e+00	1.066711e-04	2.996746e-05
6.622000e-08	0.000000e+00	1.000000e+00	0.000000e+00	-7.685043e-05	-3.135833e-05
6.634800e-08	0.000000e+00	1.000000e+00	0.000000e+00	6.645788e-05	3.371617e-05
6.660400e-08	0.000000e+00	1.000000e+00	0.000000e+00	-6.125269e-05	-3.183290e-05
6.711600e-08	0.000000e+00	1.000000e+00	0.000000e+00	6.133126e-05	3.375890e-05
6.814000e-08	0.000000e+00	1.000000e+00	0.000000e+00	-5.576933e-05	-3.182100e-05
6.974000e-08	0.000000e+00	1.000000e+00	0.000000e+00	6.189264e-05	3.374677e-05
7.000000e-08	0.000000e+00	1.000000e+00	0.000000e+00	-5.016068e-05	-3.167669e-05
7.001000e-08	0.000000e+00	1.000000e+00	1.000000e-01	2.534145e-04	1.305183e-05
7.003000e-08	0.000000e+00	1.000000e+00	3.000000e-01	3.778547e-05	-4.896895e-05
7.007000e-08	0.000000e+00	1.000000e+00	7.000000e-01	-2.138573e-03	-3.570280e-04
7.010000e-08	0.000000e+00	1.000000e+00	1.000000e+00	-3.562362e-04	7.294292e-04
7.010477e-08	0.000000e+00	1.000000e+00	1.000000e+00	-1.980204e-04	3.661154e-04
7.011431e-08	0.000000e+00	1.000000e+00	1.000000e+00	-5.196880e-07	-6.208261e-05
7.013339e-08	0.000000e+00	1.000000e+00	1.000000e+00	2.062484e-04	9.589672e-06
7.017155e-08	0.000000e+00	1.000000e+00	1.000000e+00	3.175668e-04	7.720866e-06
7.024377e-08	0.000000e+00	1.000000e+00	1.000000e+00	-3.013881e-05	-1.060719e-05
7.032862e-08	0.000000e+00	1.000000e+00	1.000000e+00	9.566243e-05	1.588292e-05
7.049833e-08	0.000000e+00	1.000000e+00	1.000000e+00	-9.890842e-06	-1.524283e-05
7.083773e-08	0.000000e+00	1.000000e+00	1.000000e+00	4.552303e-05	1.778037e-05
7.110000e-08	0.000000e+00	1.000000e+00	1.000000e+00	-1.602388e-05	-1.655150e-05
7.111000e-08	0.000000e+00	9.000000e-01	1.000000e+00	-4.662553e-04	-8.629660e-05
7.113000e-08	0.000000e+00	7.000000e-01	1.000000e+00	-4.009328e-04	-3.128627e-05
7.117000e-08	0.000000e+00	3.000000e-01	1.000000e+00	1.104724e-03	2.877628e-05
7.120000e-08	0.000000e+00	6.550316e-14	1.000000e+00	-9.442339e-04	7.674179e-06
7.120533e-08	0.000000e+00	0.000000e+00	1.000000e+00	-8.418274e-04	1.505095e-04
7.121598e-08	0.000000e+00	0.000000e+00	1.000000e+00	-7.846665e-04	3.834777e-05
7.123729e-08	0.000000e+00	0.000000e+00	1.000000e+00	-3.065549e-04	-4.738160e-05
7.127992e-08	0.000000e+00	0.000000e+00	1.000000e+00	1.497872e-04	5.005085e-05
7.136516e-08	0.000000e+00	0.000000e+00	1.000000e+00	-9.208103e-05	-4.757442e-05
7.153565e-08	0.000000e+00	0.000000e+00	1.000000e+00	9.511974e-05	4.918162e-05
7.187662e-08	0.000000e+00	0.000000e+00	1.000000e+00	-7.589235e-05	-4.703879e-05
7.255857e-08	0.000000e+00	0.000000e+00	1.000000e+00	8.338619e-05	4.886344e-05
7.392246e-08	0.000000e+00	0.000000e+00	1.000000e+00	-7.351737e-05	-4.687557e-05
7.552246e-08	0.000000e+00	0.000000e+00	1.000000e+00	8.006200e-05	4.875901e-05
7.600000e-08	0.000000e+00	0.000000e+00	1.000000e+00	-6.888649e-05	-4.665910e-05
7.601000e-08	0.000000e+00	1.000000e-01	1.000000e+00	5.683443e-04	1.181987e-04
7.603000e-08	0.000000e+00	3.000000e-01	1.000000e+00	4.399167e-04	-1.788852e-05
7.607000e-08	0.000000e+00	7.000000e-01	1.000000e+00	-9.683523e-04	1.871110e-05
7.610000e-08	0.000000e+00	1.000000e+00	1.000000e+00	-8.541842e-04	-5.680777e-05
7.610800e-08	0.000000e+00	1.000000e+00	1.000000e+00	-8.989749e-04	-1.170040e-04
7.612400e-08	0.000000e+00	1.000000e+00	1.000000e+00	-3.321930e-04	1.832908e-05
7.615600e-08	0.000000e+00	1.000000e+00	1.000000e+00	4.090016e-04	1.000008e-06
7.622000e-08	0.000000e+00	1.000000e+00	1.000000e+00	8.456530e-07	-4.732873e-06
7.629716e-08	0.000000e+00	1.000000e+00	1.000000e+00	8.196836e-05	1.012316e-05
7.644872e-08	0.000000e+00	1.000000e+00	1.000000e+00	1.594200e-05	-9.525172e-06
7.675184e-08	0.000000e+00	1.000000e+00	1.000000e+00	3.052454e-05	1.206452e-05
7.735808e-08	0.000000e+00	1.000000e+00	1.000000e+00	-2.782236e-06	-1.040855e-05
7.857055e-08	0.000000e+00	1.000000e+00	1.000000e+00	1.628511e-05	1.247900e-05
8.000000e-08	0.000000e+00	1.000000e+00	1.000000e+00	-7.801175e-06	-1.065679e-05
