time (time)	v(in) (voltage)	v(sel) (voltage)	v(rw) (voltage)	v(yyyy_latch) (voltage)	v(yyyy_cell) (voltage)
0.000000e+00	0.000000e+00	0.000000e+00	0.000000e+00	9.999934e-01	1.005720e-07
1.000000e-12	0.000000e+00	0.000000e+00	0.000000e+00	9.999945e-01	-1.515538e-04
2.000000e-12	0.000000e+00	0.000000e+00	0.000000e+00	9.999941e-01	-2.046878e-04
4.000000e-12	0.000000e+00	0.000000e+00	0.000000e+00	9.999924e-01	-2.419288e-04
8.000000e-12	0.000000e+00	0.000000e+00	0.000000e+00	9.999890e-01	-1.639006e-04
1.600000e-11	0.000000e+00	0.000000e+00	0.000000e+00	9.999875e-01	-8.399621e-05
3.200000e-11	0.000000e+00	0.000000e+00	0.000000e+00	9.999889e-01	-5.346973e-05
6.400000e-11	0.000000e+00	0.000000e+00	0.000000e+00	9.999922e-01	-2.063579e-05
1.280000e-10	0.000000e+00	0.000000e+00	0.000000e+00	9.999920e-01	-1.731164e-05
2.560000e-10	0.000000e+00	0.000000e+00	0.000000e+00	9.999935e-01	-2.085185e-06
5.120000e-10	0.000000e+00	0.000000e+00	0.000000e+00	9.999929e-01	-7.510463e-06
1.024000e-09	0.000000e+00	0.000000e+00	0.000000e+00	9.999938e-01	2.753725e-06
2.048000e-09	0.000000e+00	0.000000e+00	0.000000e+00	9.999931e-01	-5.017284e-06
3.648000e-09	0.000000e+00	0.000000e+00	0.000000e+00	9.999935e-01	3.854222e-06
5.248000e-09	0.000000e+00	0.000000e+00	0.000000e+00	9.999931e-01	-4.698774e-06
6.848000e-09	0.000000e+00	0.000000e+00	0.000000e+00	9.999935e-01	3.831379e-06
8.448000e-09	0.000000e+00	0.000000e+00	0.000000e+00	9.999931e-01	-4.676117e-06
1.000000e-08	0.000000e+00	0.000000e+00	0.000000e+00	9.999935e-01	3.792025e-06
1.001000e-08	0.000000e+00	0.000000e+00	1.000000e-01	1.000123e+00	-1.682196e-05
1.003000e-08	0.000000e+00	0.000000e+00	3.000000e-01	9.999695e-01	-2.751303e-05
1.007000e-08	0.000000e+00	0.000000e+00	7.000000e-01	9.991072e-01	-4.366871e-04
1.010000e-08	0.000000e+00	0.000000e+00	1.000000e+00	9.999946e-01	7.654071e-04
1.010501e-08	0.000000e+00	0.000000e+00	1.000000e+00	1.000002e+00	4.630962e-04
1.011503e-08	0.000000e+00	0.000000e+00	1.000000e+00	1.000016e+00	5.693895e-06
1.013508e-08	0.000000e+00	0.000000e+00	1.000000e+00	1.000041e+00	-2.433802e-05
1.017517e-08	0.000000e+00	0.000000e+00	1.000000e+00	9.999974e-01	2.807920e-05
1.025535e-08	0.000000e+00	0.000000e+00	1.000000e+00	1.000002e+00	-2.826144e-05
1.041570e-08	0.000000e+00	0.000000e+00	1.000000e+00	9.999884e-01	2.854822e-05
1.073642e-08	0.000000e+00	0.000000e+00	1.000000e+00	9.999983e-01	-2.833832e-05
1.137784e-08	0.000000e+00	0.000000e+00	1.000000e+00	9.999902e-01	2.852761e-05
1.266070e-08	0.000000e+00	0.000000e+00	1.000000e+00	9.999948e-01	-2.832109e-05
1.426070e-08	0.000000e+00	0.000000e+00	1.000000e+00	9.999906e-01	2.851316e-05
1.586070e-08	0.000000e+00	0.000000e+00	1.000000e+00	9.999945e-01	-2.830667e-05
1.600000e-08	0.000000e+00	0.000000e+00	1.000000e+00	9.999926e-01	2.836765e-05
1.601000e-08	0.000000e+00	1.000000e-01	1.000000e+00	1.000413e+00	1.968824e-04
1.603000e-08	0.000000e+00	3.000000e-01	1.000000e+00	9.993225e-01	8.847825e-06
1.607000e-08	0.000000e+00	7.000000e-01	1.000000e+00	9.864818e-01	3.134538e-05
1.610000e-08	0.000000e+00	1.000000e+00	1.000000e+00	1.020757e+00	-5.381232e-05
1.610711e-08	0.000000e+00	1.000000e+00	1.000000e+00	1.038390e+00	-2.207893e-04
1.612133e-08	0.000000e+00	1.000000e+00	1.000000e+00	1.033325e+00	-1.717944e-04
1.614977e-08	0.000000e+00	1.000000e+00	1.000000e+00	6.010842e-01	-3.356354e-04
1.618523e-08	0.000000e+00	1.000000e+00	1.000000e+00	1.100966e-01	4.141786e-04
1.623832e-08	0.000000e+00	1.000000e+00	1.000000e+00	-2.402036e-02	-1.084395e-04
1.629920e-08	0.000000e+00	1.000000e+00	1.000000e+00	8.581382e-03	-7.643267e-06
1.638253e-08	0.000000e+00	1.000000e+00	1.000000e+00	-3.606844e-03	6.066950e-05
1.652357e-08	0.000000e+00	1.000000e+00	1.000000e+00	2.112109e-03	-8.370875e-05
1.680567e-08	0.000000e+00	1.000000e+00	1.000000e+00	-1.492160e-03	9.305485e-05
1.736986e-08	0.000000e+00	1.000000e+00	1.000000e+00	1.293691e-03	-9.808215e-05
1.849824e-08	0.000000e+00	1.000000e+00	1.000000e+00	-1.140286e-03	1.002593e-04
2.009824e-08	0.000000e+00	1.000000e+00	1.000000e+00	1.097535e-03	-1.018448e-04
2.010000e-08	0.000000e+00	1.000000e+00	1.000000e+00	1.819489e-03	8.318061e-05
2.010351e-08	0.000000e+00	1.000000e+00	9.648901e-01	1.358295e-03	3.433682e-05
2.011053e-08	0.000000e+00	1.000000e+00	8.946703e-01	6.546762e-04	3.157494e-05
2.012458e-08	0.000000e+00	1.000000e+00	7.542306e-01	6.865543e-05	1.399852e-05
2.015266e-08	0.000000e+00	1.000000e+00	4.733513e-01	8.882317e-04	1.454792e-04
2.020000e-08	0.000000e+00	1.000000e+00	0.000000e+00	8.442092e-04	-2.953580e-05
2.020562e-08	0.000000e+00	1.000000e+00	0.000000e+00	1.999714e-04	-6.057253e-04
2.021685e-08	0.000000e+00	1.000000e+00	0.000000e+00	-8.330877e-04	-2.797517e-04
2.023932e-08	0.000000e+00	1.000000e+00	0.000000e+00	-1.080832e-04	3.501330e-04
2.028426e-08	0.000000e+00	1.000000e+00	0.000000e+00	3.888056e-04	-2.063352e-04
2.034381e-08	0.000000e+00	1.000000e+00	0.000000e+00	-9.740827e-05	1.562497e-04
2.046290e-08	0.000000e+00	1.000000e+00	0.000000e+00	1.600609e-04	-1.326523e-04
2.070108e-08	0.000000e+00	1.000000e+00	0.000000e+00	-9.230615e-05	1.236657e-04
2.110000e-08	0.000000e+00	1.000000e+00	0.000000e+00	1.082087e-04	-1.179948e-04
2.111000e-08	0.000000e+00	9.000000e-01	0.000000e+00	-3.557687e-04	-2.055817e-04
2.113000e-08	0.000000e+00	7.000000e-01	0.000000e+00	-4.585732e-04	-7.136910e-05
2.117000e-08	0.000000e+00	3.000000e-01	0.000000e+00	-1.001372e-04	5.975246e-05
2.120000e-08	0.000000e+00	0.000000e+00	0.000000e+00	-2.487008e-04	4.575703e-05
2.120800e-08	0.000000e+00	0.000000e+00	0.000000e+00	2.509231e-04	2.007500e-04
2.122400e-08	0.000000e+00	0.000000e+00	0.000000e+00	2.989650e-04	9.703580e-06
2.125600e-08	0.000000e+00	0.000000e+00	0.000000e+00	-1.037869e-04	-3.563098e-05
2.132000e-08	0.000000e+00	0.000000e+00	0.000000e+00	1.588768e-04	4.284747e-05
2.144800e-08	0.000000e+00	0.000000e+00	0.000000e+00	-1.062764e-04	-4.477765e-05
2.170400e-08	0.000000e+00	0.000000e+00	0.000000e+00	1.170775e-04	4.583890e-05
2.221600e-08	0.000000e+00	0.000000e+00	0.000000e+00	-9.282714e-05	-4.600933e-05
2.324000e-08	0.000000e+00	0.000000e+00	0.000000e+00	1.056024e-04	4.637750e-05
2.484000e-08	0.000000e+00	0.000000e+00	0.000000e+00	-9.362878e-05	-4.629068e-05
2.600000e-08	0.000000e+00	0.000000e+00	0.000000e+00	9.940573e-05	4.662146e-05
2.601000e-08	0.000000e+00	1.000000e-01	0.000000e+00	6.692745e-04	1.952598e-04
2.603000e-08	0.000000e+00	3.000000e-01	0.000000e+00	6.312808e-04	7.975201e-06
2.607000e-08	0.000000e+00	7.000000e-01	0.000000e+00	-2.637549e-04	4.262072e-05
2.610000e-08	0.000000e+00	1.000000e+00	0.000000e+00	-3.110433e-04	-1.198944e-04
2.610800e-08	0.000000e+00	1.000000e+00	0.000000e+00	-6.772842e-04	-2.321771e-04
2.612400e-08	0.000000e+00	1.000000e+00	0.000000e+00	-5.326406e-04	-2.532828e-05
2.615600e-08	0.000000e+00	1.000000e+00	0.000000e+00	1.191029e-04	3.510175e-05
2.622000e-08	0.000000e+00	1.000000e+00	0.000000e+00	-7.942967e-05	-3.697286e-05
2.634800e-08	0.000000e+00	1.000000e+00	0.000000e+00	7.076042e-05	3.707298e-05
2.660400e-08	0.000000e+00	1.000000e+00	0.000000e+00	-6.255284e-05	-3.667058e-05
2.711600e-08	0.000000e+00	1.000000e+00	0.000000e+00	6.303656e-05	3.675449e-05
2.814000e-08	0.000000e+00	1.000000e+00	0.000000e+00	-5.956430e-05	-3.648923e-05
2.974000e-08	0.000000e+00	1.000000e+00	0.000000e+00	6.068642e-05	3.664547e-05
3.000000e-08	0.000000e+00	1.000000e+00	3.308722e-14	-5.501350e-05	-3.615098e-05
3.001000e-08	0.000000e+00	1.000000e+00	1.000000e-01	2.938972e-04	1.584778e-05
3.003000e-08	0.000000e+00	1.000000e+00	3.000000e-01	1.137870e-04	-4.897873e-05
3.007000e-08	0.000000e+00	1.000000e+00	7.000000e-01	-2.265162e-03	-4.191293e-04
3.010000e-08	0.000000e+00	1.000000e+00	1.000000e+00	-7.273317e-04	7.548279e-04
3.010501e-08	0.000000e+00	1.000000e+00	1.000000e+00	-4.786886e-04	4.599047e-04
3.011503e-08	0.000000e+00	1.000000e+00	1.000000e+00	-7.675810e-05	5.406173e-06
3.013507e-08	0.000000e+00	1.000000e+00	1.000000e+00	2.928059e-04	-2.495444e-05
3.017516e-08	0.000000e+00	1.000000e+00	1.000000e+00	3.020620e-04	2.850299e-05
3.025129e-08	0.000000e+00	1.000000e+00	1.000000e+00	-7.809815e-05	-2.871975e-05
3.033649e-08	0.000000e+00	1.000000e+00	1.000000e+00	6.937298e-05	2.905058e-05
3.050690e-08	0.000000e+00	1.000000e+00	1.000000e+00	-1.071185e-05	-2.878249e-05
3.084772e-08	0.000000e+00	1.000000e+00	1.000000e+00	3.186655e-05	2.894329e-05
3.110000e-08	0.000000e+00	1.000000e+00	1.000000e+00	-6.230289e-06	-2.865338e-05
3.111000e-08	0.000000e+00	9.000000e-01	1.000000e+00	-5.138419e-04	-1.021609e-04
3.113000e-08	0.000000e+00	7.000000e-01	1.000000e+00	-4.881406e-04	-3.501228e-05
3.117000e-08	0.000000e+00	3.000000e-01	1.000000e+00	1.419755e-03	2.061161e-05
3.120000e-08	0.000000e+00	0.000000e+00	1.000000e+00	-3.523000e-04	2.389743e-05
3.120565e-08	0.000000e+00	0.000000e+00	1.000000e+00	-5.998913e-04	1.660811e-04
3.121695e-08	0.000000e+00	0.000000e+00	1.000000e+00	-9.887338e-04	3.878162e-05
3.123954e-08	0.000000e+00	0.000000e+00	1.000000e+00	-4.464306e-04	-4.909653e-05
3.128473e-08	0.000000e+00	0.000000e+00	1.000000e+00	1.944363e-04	4.982053e-05
3.136481e-08	0.000000e+00	0.000000e+00	1.000000e+00	-1.320926e-04	-4.898189e-05
3.152498e-08	0.000000e+00	0.000000e+00	1.000000e+00	1.140708e-04	4.878689e-05
3.184532e-08	0.000000e+00	0.000000e+00	1.000000e+00	-1.031794e-04	-4.834532e-05
3.248599e-08	0.000000e+00	0.000000e+00	1.000000e+00	1.009681e-04	4.842091e-05
3.376734e-08	0.000000e+00	0.000000e+00	1.000000e+00	-9.737306e-05	-4.816159e-05
3.500000e-08	0.000000e+00	0.000000e+00	1.000000e+00	9.646139e-05	4.829084e-05
3.501000e-08	1.000000e-01	0.000000e+00	1.000000e+00	2.672846e-04	3.592710e-06
3.503000e-08	3.000000e-01	0.000000e+00	1.000000e+00	1.888464e-04	-3.498034e-06
3.507000e-08	7.000000e-01	0.000000e+00	1.000000e+00	2.436448e-05	3.342496e-06
3.510000e-08	1.000000e+00	0.000000e+00	1.000000e+00	-1.185414e-04	-3.185640e-06
3.510800e-08	1.000000e+00	0.000000e+00	1.000000e+00	-2.906724e-04	-4.502670e-07
3.512400e-08	1.000000e+00	0.000000e+00	1.000000e+00	-2.591204e-04	6.638541e-07
3.515600e-08	1.000000e+00	0.000000e+00	1.000000e+00	3.595742e-05	-4.986000e-07
3.522000e-08	1.000000e+00	0.000000e+00	1.000000e+00	-1.606367e-05	4.678257e-07
3.534800e-08	1.000000e+00	0.000000e+00	1.000000e+00	1.285485e-05	-2.300757e-07
3.560400e-08	1.000000e+00	0.000000e+00	1.000000e+00	-1.255438e-05	4.166675e-07
3.600000e-08	1.000000e+00	3.308722e-14	1.000000e+00	1.351843e-05	-2.429315e-07
3.601000e-08	1.000000e+00	1.000000e-01	1.000000e+00	8.554472e-04	1.374829e-04
3.603000e-08	1.000000e+00	3.000000e-01	1.000000e+00	4.559746e-04	-1.684996e-05
3.607000e-08	1.000000e+00	7.000000e-01	1.000000e+00	-1.182765e-02	1.272636e-05
3.610000e-08	1.000000e+00	1.000000e+00	1.000000e+00	6.845578e-02	2.582208e-05
3.610800e-08	1.000000e+00	1.000000e+00	1.000000e+00	1.605008e-01	5.597677e-05
3.612400e-08	1.000000e+00	1.000000e+00	1.000000e+00	4.005662e-01	2.318966e-04
3.615600e-08	1.000000e+00	1.000000e+00	1.000000e+00	8.660037e-01	-1.666983e-04
3.620625e-08	1.000000e+00	1.000000e+00	1.000000e+00	1.008358e+00	-1.815257e-04
3.625533e-08	1.000000e+00	1.000000e+00	1.000000e+00	9.942485e-01	2.847629e-04
3.632575e-08	1.000000e+00	1.000000e+00	1.000000e+00	1.004294e+00	-3.059656e-04
3.639883e-08	1.000000e+00	1.000000e+00	1.000000e+00	9.967059e-01	3.064697e-04
3.654500e-08	1.000000e+00	1.000000e+00	1.000000e+00	1.002863e+00	-3.020588e-04
3.682574e-08	1.000000e+00	1.000000e+00	1.000000e+00	9.973191e-01	2.989324e-04
3.727283e-08	1.000000e+00	1.000000e+00	1.000000e+00	1.002554e+00	-2.966738e-04
3.816702e-08	1.000000e+00	1.000000e+00	1.000000e+00	9.974914e-01	2.955811e-04
3.976702e-08	1.000000e+00	1.000000e+00	1.000000e+00	1.002469e+00	-2.948296e-04
4.010000e-08	1.000000e+00	1.000000e+00	1.000000e+00	9.976651e-01	2.915886e-04
4.011000e-08	1.000000e+00	1.000000e+00	9.000000e-01	9.990335e-01	1.411468e-05
4.013000e-08	1.000000e+00	1.000000e+00	7.000000e-01	1.000246e+00	5.560712e-06
4.017000e-08	1.000000e+00	1.000000e+00	3.000000e-01	1.005954e+00	-1.300307e-03
4.020000e-08	1.000000e+00	1.000000e+00	0.000000e+00	1.002345e+00	1.052148e-02
4.020485e-08	1.000000e+00	1.000000e+00	0.000000e+00	9.984145e-01	5.593305e-02
4.021456e-08	1.000000e+00	1.000000e+00	0.000000e+00	9.907277e-01	3.402506e-01
4.023398e-08	1.000000e+00	1.000000e+00	0.000000e+00	9.893961e-01	9.384149e-01
4.027282e-08	1.000000e+00	1.000000e+00	0.000000e+00	9.969602e-01	1.018916e+00
4.031853e-08	1.000000e+00	1.000000e+00	0.000000e+00	1.000095e+00	9.844059e-01
4.038214e-08	1.000000e+00	1.000000e+00	0.000000e+00	9.996242e-01	1.012991e+00
4.048204e-08	1.000000e+00	1.000000e+00	0.000000e+00	9.998917e-01	9.881945e-01
4.068184e-08	1.000000e+00	1.000000e+00	0.000000e+00	9.999363e-01	1.011045e+00
4.106702e-08	1.000000e+00	1.000000e+00	0.000000e+00	9.999285e-01	9.891290e-01
4.110000e-08	1.000000e+00	1.000000e+00	0.000000e+00	1.000104e+00	1.007676e+00
4.111000e-08	1.000000e+00	9.000000e-01	0.000000e+00	9.995096e-01	1.000991e+00
4.113000e-08	1.000000e+00	7.000000e-01	0.000000e+00	9.997228e-01	9.992616e-01
4.117000e-08	1.000000e+00	3.000000e-01	0.000000e+00	1.010673e+00	1.000647e+00
4.120000e-08	1.000000e+00	0.000000e+00	0.000000e+00	1.014653e+00	1.714140e-01
4.120650e-08	1.000000e+00	0.000000e+00	0.000000e+00	1.012245e+00	5.124933e-02
4.121949e-08	1.000000e+00	0.000000e+00	0.000000e+00	1.006242e+00	-1.109189e-02
4.124548e-08	1.000000e+00	0.000000e+00	0.000000e+00	9.999984e-01	9.609821e-03
4.128699e-08	1.000000e+00	0.000000e+00	0.000000e+00	1.000472e+00	-8.190888e-03
4.134779e-08	1.000000e+00	0.000000e+00	0.000000e+00	9.999570e-01	7.401354e-03
4.146940e-08	1.000000e+00	0.000000e+00	0.000000e+00	1.000114e+00	-6.982908e-03
4.171263e-08	1.000000e+00	0.000000e+00	0.000000e+00	9.999280e-01	6.818497e-03
4.219908e-08	1.000000e+00	0.000000e+00	0.000000e+00	1.000056e+00	-6.698387e-03
4.317198e-08	1.000000e+00	0.000000e+00	0.000000e+00	9.999307e-01	6.680642e-03
4.477198e-08	1.000000e+00	0.000000e+00	0.000000e+00	1.000050e+00	-6.627491e-03
4.510000e-08	1.000000e+00	0.000000e+00	0.000000e+00	9.999444e-01	6.523287e-03
4.511000e-08	9.000000e-01	0.000000e+00	0.000000e+00	9.998901e-01	9.840540e-04
4.513000e-08	7.000000e-01	0.000000e+00	0.000000e+00	9.999503e-01	-7.159722e-04
4.517000e-08	3.000000e-01	0.000000e+00	0.000000e+00	1.000014e+00	6.128923e-04
4.520000e-08	0.000000e+00	0.000000e+00	0.000000e+00	1.000007e+00	-4.854510e-04
4.520800e-08	0.000000e+00	0.000000e+00	0.000000e+00	1.000081e+00	-8.047678e-05
4.522400e-08	0.000000e+00	0.000000e+00	0.000000e+00	1.000033e+00	5.203914e-05
4.525600e-08	0.000000e+00	0.000000e+00	0.000000e+00	9.999616e-01	-4.116290e-05
4.532000e-08	0.000000e+00	0.000000e+00	0.000000e+00	1.000017e+00	5.902605e-05
4.544800e-08	0.000000e+00	0.000000e+00	0.000000e+00	9.999693e-01	-5.545091e-05
4.570400e-08	0.000000e+00	0.000000e+00	0.000000e+00	1.000015e+00	4.795463e-05
4.600000e-08	0.000000e+00	0.000000e+00	0.000000e+00	9.999710e-01	-4.658848e-05
4.601000e-08	0.000000e+00	1.000000e-01	0.000000e+00	1.000427e+00	3.686658e-04
4.603000e-08	0.000000e+00	3.000000e-01	0.000000e+00	9.993836e-01	1.411955e-04
4.607000e-08	0.000000e+00	7.000000e-01	0.000000e+00	9.882095e-01	-6.127151e-03
4.610000e-08	0.000000e+00	1.000000e+00	0.000000e+00	9.911823e-01	1.632837e-01
4.610800e-08	0.000000e+00	1.000000e+00	0.000000e+00	9.924152e-01	4.769349e-01
4.612400e-08	0.000000e+00	1.000000e+00	0.000000e+00	9.939037e-01	9.280022e-01
4.615600e-08	0.000000e+00	1.000000e+00	0.000000e+00	9.965307e-01	1.017026e+00
4.621622e-08	0.000000e+00	1.000000e+00	0.000000e+00	1.000916e+00	9.847091e-01
4.627087e-08	0.000000e+00	1.000000e+00	0.000000e+00	9.997889e-01	1.012822e+00
4.638016e-08	0.000000e+00	1.000000e+00	0.000000e+00	1.000073e+00	9.882523e-01
4.658796e-08	0.000000e+00	1.000000e+00	0.000000e+00	9.999546e-01	1.011080e+00
4.693689e-08	0.000000e+00	1.000000e+00	0.000000e+00	1.000006e+00	9.891389e-01
4.763476e-08	0.000000e+00	1.000000e+00	0.000000e+00	9.999876e-01	1.010591e+00
4.902147e-08	0.000000e+00	1.000000e+00	0.000000e+00	9.999921e-01	9.893842e-01
5.000000e-08	0.000000e+00	1.000000e+00	0.000000e+00	1.000000e+00	1.010408e+00
5.001000e-08	0.000000e+00	1.000000e+00	1.000000e-01	1.000128e+00	1.001989e+00
5.003000e-08	0.000000e+00	1.000000e+00	3.000000e-01	9.999357e-01	9.986933e-01
5.007000e-08	0.000000e+00	1.000000e+00	7.000000e-01	1.002162e+00	1.008639e+00
5.010000e-08	0.000000e+00	1.000000e+00	1.000000e+00	1.019980e+00	2.530877e-01
5.010505e-08	0.000000e+00	1.000000e+00	1.000000e+00	1.027655e+00	9.030351e-02
5.011515e-08	0.000000e+00	1.000000e+00	1.000000e+00	1.047409e+00	-7.597544e-03
5.013534e-08	0.000000e+00	1.000000e+00	1.000000e+00	9.779212e-01	8.017924e-03
5.016654e-08	0.000000e+00	1.000000e+00	1.000000e+00	4.335097e-01	-7.234829e-03
5.020115e-08	0.000000e+00	1.000000e+00	1.000000e+00	4.992283e-02	6.298851e-03
5.025155e-08	0.000000e+00	1.000000e+00	1.000000e+00	-9.842798e-03	-5.331917e-03
5.032208e-08	0.000000e+00	1.000000e+00	1.000000e+00	2.860287e-03	4.826023e-03
5.039848e-08	0.000000e+00	1.000000e+00	1.000000e+00	7.251190e-05	-4.362936e-03
5.055130e-08	0.000000e+00	1.000000e+00	1.000000e+00	-6.415452e-04	4.160887e-03
5.085692e-08	0.000000e+00	1.000000e+00	1.000000e+00	9.528824e-04	-4.039763e-03
5.110000e-08	0.000000e+00	1.000000e+00	1.000000e+00	-1.098938e-03	3.937216e-03
5.111000e-08	0.000000e+00	9.000000e-01	1.000000e+00	-7.455288e-05	5.325581e-04
5.113000e-08	0.000000e+00	7.000000e-01	1.000000e+00	-1.008410e-04	-4.749329e-04
5.117000e-08	0.000000e+00	3.000000e-01	1.000000e+00	-1.118970e-03	3.916613e-04
5.120000e-08	0.000000e+00	6.550316e-14	1.000000e+00	-3.107067e-03	-2.651641e-04
5.120572e-08	0.000000e+00	0.000000e+00	1.000000e+00	-2.729637e-03	1.037879e-04
5.121717e-08	0.000000e+00	0.000000e+00	1.000000e+00	-1.938398e-03	6.890245e-05
5.124005e-08	0.000000e+00	0.000000e+00	1.000000e+00	-4.782385e-04	-7.352935e-05
5.128583e-08	0.000000e+00	0.000000e+00	1.000000e+00	1.858371e-04	7.139327e-05
5.136523e-08	0.000000e+00	0.000000e+00	1.000000e+00	-1.100970e-04	-6.889792e-05
5.152404e-08	0.000000e+00	0.000000e+00	1.000000e+00	9.641685e-05	6.792172e-05
5.184165e-08	0.000000e+00	0.000000e+00	1.000000e+00	-7.699104e-05	-6.708208e-05
5.247688e-08	0.000000e+00	0.000000e+00	1.000000e+00	8.056634e-05	6.696155e-05
5.374734e-08	0.000000e+00	0.000000e+00	1.000000e+00	-7.169811e-05	-6.660305e-05
5.534734e-08	0.000000e+00	0.000000e+00	1.000000e+00	7.526216e-05	6.666899e-05
5.600000e-08	0.000000e+00	0.000000e+00	1.000000e+00	-6.667810e-05	-6.615453e-05
5.601000e-08	0.000000e+00	1.000000e-01	1.000000e+00	6.356878e-04	1.324771e-04
5.603000e-08	0.000000e+00	3.000000e-01	1.000000e+00	8.140005e-04	-1.379343e-05
5.607000e-08	0.000000e+00	7.000000e-01	1.000000e+00	-5.952319e-04	1.450730e-05
5.610000e-08	0.000000e+00	1.000000e+00	1.000000e+00	-1.061618e-03	-6.985044e-05
5.610800e-08	0.000000e+00	1.000000e+00	1.000000e+00	-1.069473e-03	-1.274838e-04
5.612400e-08	0.000000e+00	1.000000e+00	1.000000e+00	-4.060116e-04	1.565101e-05
5.615600e-08	0.000000e+00	1.000000e+00	1.000000e+00	4.292310e-04	2.148792e-06
5.622000e-08	0.000000e+00	1.000000e+00	1.000000e+00	-4.253696e-05	-7.576942e-06
5.629831e-08	0.000000e+00	1.000000e+00	1.000000e+00	5.478578e-05	1.105659e-05
5.644616e-08	0.000000e+00	1.000000e+00	1.000000e+00	9.611278e-06	-1.213584e-05
5.674186e-08	0.000000e+00	1.000000e+00	1.000000e+00	3.137428e-05	1.290378e-05
5.733327e-08	0.000000e+00	1.000000e+00	1.000000e+00	2.828947e-06	-1.296230e-05
5.851608e-08	0.000000e+00	1.000000e+00	1.000000e+00	1.063478e-05	1.328704e-05
6.010000e-08	0.000000e+00	1.000000e+00	1.000000e+00	-2.050704e-06	-1.317826e-05
6.011000e-08	0.000000e+00	1.000000e+00	9.000000e-01	-2.656835e-04	-1.085325e-05
6.013000e-08	0.000000e+00	1.000000e+00	7.000000e-01	-2.379444e-04	2.618120e-05
6.017000e-08	0.000000e+00	1.000000e+00	3.000000e-01	3.855371e-03	3.922329e-04
6.020000e-08	0.000000e+00	1.000000e+00	0.000000e+00	2.975957e-03	-1.076866e-03
6.020486e-08	0.000000e+00	1.000000e+00	0.000000e+00	2.026968e-03	-3.883448e-04
6.021457e-08	0.000000e+00	1.000000e+00	0.000000e+00	3.308949e-04	2.064118e-04
6.023399e-08	0.000000e+00	1.000000e+00	0.000000e+00	-6.150919e-05	7.819510e-05
6.027284e-08	0.000000e+00	1.000000e+00	0.000000e+00	3.422544e-04	-9.815221e-06
6.033442e-08	0.000000e+00	1.000000e+00	0.000000e+00	-3.027468e-05	7.518458e-06
6.045758e-08	0.000000e+00	1.000000e+00	0.000000e+00	1.126381e-04	-2.558506e-06
6.070389e-08	0.000000e+00	1.000000e+00	0.000000e+00	-5.184766e-05	1.595956e-06
6.110000e-08	0.000000e+00	1.000000e+00	0.000000e+00	7.110543e-05	-5.138490e-07
6.111000e-08	0.000000e+00	9.000000e-01	0.000000e+00	-3.780049e-04	-1.752417e-04
6.113000e-08	0.000000e+00	7.000000e-01	0.000000e+00	-4.545686e-04	-8.521051e-05
6.117000e-08	0.000000e+00	3.000000e-01	0.000000e+00	-1.001536e-04	7.031137e-05
6.120000e-08	0.000000e+00	6.550316e-14	0.000000e+00	-2.901011e-04	3.844314e-05
6.120800e-08	0.000000e+00	0.000000e+00	0.000000e+00	1.989675e-04	1.989069e-04
6.122400e-08	0.000000e+00	0.000000e+00	0.000000e+00	2.834457e-04	1.082236e-05
6.125600e-08	0.000000e+00	0.000000e+00	0.000000e+00	-1.028945e-04	-3.657460e-05
6.132000e-08	0.000000e+00	0.000000e+00	0.000000e+00	1.045779e-04	4.368898e-05
6.144800e-08	0.000000e+00	0.000000e+00	0.000000e+00	-7.272812e-05	-4.555808e-05
6.170400e-08	0.000000e+00	0.000000e+00	0.000000e+00	9.055901e-05	4.658521e-05
6.221600e-08	0.000000e+00	0.000000e+00	0.000000e+00	-6.931963e-05	-4.673976e-05
6.324000e-08	0.000000e+00	0.000000e+00	0.000000e+00	8.345106e-05	4.709937e-05
6.484000e-08	0.000000e+00	0.000000e+00	0.000000e+00	-7.230924e-05	-4.700741e-05
6.600000e-08	0.000000e+00	0.000000e+00	0.000000e+00	7.918711e-05	4.733082e-05
6.601000e-08	0.000000e+00	1.000000e-01	0.000000e+00	6.565560e-04	1.954338e-04
6.603000e-08	0.000000e+00	3.000000e-01	0.000000e+00	6.285886e-04	7.889571e-06
6.607000e-08	0.000000e+00	7.000000e-01	0.000000e+00	-2.630790e-04	4.267162e-05
6.610000e-08	0.000000e+00	1.000000e+00	0.000000e+00	-3.114257e-04	-1.199207e-04
6.610800e-08	0.000000e+00	1.000000e+00	0.000000e+00	-6.773643e-04	-2.321804e-04
6.612400e-08	0.000000e+00	1.000000e+00	0.000000e+00	-5.330612e-04	-2.533497e-05
6.615600e-08	0.000000e+00	1.000000e+00	0.000000e+00	1.190372e-04	3.510679e-05
6.622000e-08	0.000000e+00	1.000000e+00	0.000000e+00	-1.334173e-06	-3.694139e-05
6.634800e-08	0.000000e+00	1.000000e+00	0.000000e+00	2.045611e-05	3.699189e-05
6.660400e-08	0.000000e+00	1.000000e+00	0.000000e+00	-2.209949e-05	-3.655911e-05
6.711600e-08	0.000000e+00	1.000000e+00	0.000000e+00	2.670967e-05	3.662586e-05
6.814000e-08	0.000000e+00	1.000000e+00	0.000000e+00	-2.514621e-05	-3.635225e-05
6.974000e-08	0.000000e+00	1.000000e+00	0.000000e+00	2.743319e-05	3.650310e-05
7.000000e-08	0.000000e+00	1.000000e+00	0.000000e+00	-2.813173e-05	-3.597565e-05
7.001000e-08	0.000000e+00	1.000000e+00	1.000000e-01	3.036367e-04	1.570768e-05
7.003000e-08	0.000000e+00	1.000000e+00	3.000000e-01	1.149327e-04	-4.896951e-05
7.007000e-08	0.000000e+00	1.000000e+00	7.000000e-01	-2.265272e-03	-4.191007e-04
7.010000e-08	0.000000e+00	1.000000e+00	1.000000e+00	-7.274088e-04	7.547829e-04
7.010501e-08	0.000000e+00	1.000000e+00	1.000000e+00	-4.787086e-04	4.598924e-04
7.011503e-08	0.000000e+00	1.000000e+00	1.000000e+00	-7.673324e-05	5.405206e-06
7.013508e-08	0.000000e+00	1.000000e+00	1.000000e+00	2.928210e-04	-2.495685e-05
7.017516e-08	0.000000e+00	1.000000e+00	1.000000e+00	3.020439e-04	2.850626e-05
7.025129e-08	0.000000e+00	1.000000e+00	1.000000e+00	-7.810239e-05	-2.872329e-05
7.033650e-08	0.000000e+00	1.000000e+00	1.000000e+00	6.938339e-05	2.905427e-05
7.050691e-08	0.000000e+00	1.000000e+00	1.000000e+00	-1.072178e-05	-2.878624e-05
7.084774e-08	0.000000e+00	1.000000e+00	1.000000e+00	3.187588e-05	2.894706e-05
7.110000e-08	0.000000e+00	1.000000e+00	1.000000e+00	-6.237674e-06	-2.865716e-05
7.111000e-08	0.000000e+00	9.000000e-01	1.000000e+00	-5.137872e-04	-1.021609e-04
7.113000e-08	0.000000e+00	7.000000e-01	1.000000e+00	-4.882124e-04	-3.501248e-05
7.117000e-08	0.000000e+00	3.000000e-01	1.000000e+00	1.419811e-03	2.061199e-05
7.120000e-08	0.000000e+00	6.550316e-14	1.000000e+00	-3.523448e-04	2.389688e-05
7.120565e-08	0.000000e+00	0.000000e+00	1.000000e+00	-5.998903e-04	1.660869e-04
7.121694e-08	0.000000e+00	0.000000e+00	1.000000e+00	-9.887242e-04	3.879445e-05
7.123954e-08	0.000000e+00	0.000000e+00	1.000000e+00	-4.465319e-04	-4.910381e-05
7.128472e-08	0.000000e+00	0.000000e+00	1.000000e+00	1.944401e-04	4.982563e-05
7.136480e-08	0.000000e+00	0.000000e+00	1.000000e+00	-1.320855e-04	-4.898594e-05
7.152496e-08	0.000000e+00	0.000000e+00	1.000000e+00	1.140612e-04	4.879048e-05
7.184528e-08	0.000000e+00	0.000000e+00	1.000000e+00	-1.031689e-04	-4.834869e-05
7.248592e-08	0.000000e+00	0.000000e+00	1.000000e+00	1.009574e-04	4.842418e-05
7.376719e-08	0.000000e+00	0.000000e+00	1.000000e+00	-9.736215e-05	-4.816480e-05
7.536719e-08	0.000000e+00	0.000000e+00	1.000000e+00	9.690309e-05	4.830943e-05
7.600000e-08	0.000000e+00	0.000000e+00	1.000000e+00	-9.187544e-05	-4.797951e-05
7.601000e-08	0.000000e+00	1.000000e-01	1.000000e+00	6.272511e-04	1.350761e-04
7.603000e-08	0.000000e+00	3.000000e-01	1.000000e+00	6.802352e-04	-1.620838e-05
7.607000e-08	0.000000e+00	7.000000e-01	1.000000e+00	-7.803059e-04	1.705511e-05
7.610000e-08	0.000000e+00	1.000000e+00	1.000000e+00	-1.068966e-03	-7.226426e-05
7.610800e-08	0.000000e+00	1.000000e+00	1.000000e+00	-1.070151e-03	-1.277049e-04
7.612400e-08	0.000000e+00	1.000000e+00	1.000000e+00	-4.075518e-04	1.572011e-05
7.615600e-08	0.000000e+00	1.000000e+00	1.000000e+00	4.260071e-04	2.067378e-06
7.622000e-08	0.000000e+00	1.000000e+00	1.000000e+00	-4.401520e-05	-7.488158e-06
7.629830e-08	0.000000e+00	1.000000e+00	1.000000e+00	5.166959e-05	1.096630e-05
7.644616e-08	0.000000e+00	1.000000e+00	1.000000e+00	8.310696e-06	-1.204702e-05
7.674187e-08	0.000000e+00	1.000000e+00	1.000000e+00	2.829607e-05	1.281511e-05
7.733328e-08	0.000000e+00	1.000000e+00	1.000000e+00	1.737214e-06	-1.287465e-05
7.851612e-08	0.000000e+00	1.000000e+00	1.000000e+00	8.062253e-06	1.319927e-05
8.000000e-08	0.000000e+00	1.000000e+00	1.000000e+00	-2.713036e-06	-1.309709e-05
