time (time)	v(in) (voltage)	v(sel) (voltage)	v(rw) (voltage)	v(yyyy_latch) (voltage)	v(yyyy_cell) (voltage)
0.000000e+00	0.000000e+00	0.000000e+00	0.000000e+00	9.999631e-01	9.184149e-07
1.000000e-12	0.000000e+00	0.000000e+00	0.000000e+00	9.999685e-01	-3.732312e-06
2.000000e-12	0.000000e+00	0.000000e+00	0.000000e+00	9.999728e-01	-2.919913e-06
4.000000e-12	0.000000e+00	0.000000e+00	0.000000e+00	9.999812e-01	-1.915154e-06
8.000000e-12	0.000000e+00	0.000000e+00	0.000000e+00	9.999908e-01	-1.495767e-06
1.600000e-11	0.000000e+00	0.000000e+00	0.000000e+00	9.999942e-01	-1.416023e-06
3.200000e-11	0.000000e+00	0.000000e+00	0.000000e+00	9.999953e-01	-1.114493e-06
6.400000e-11	0.000000e+00	0.000000e+00	0.000000e+00	9.999975e-01	-6.708059e-07
1.280000e-10	0.000000e+00	0.000000e+00	0.000000e+00	9.999888e-01	-2.249316e-07
2.560000e-10	0.000000e+00	0.000000e+00	0.000000e+00	9.999830e-01	2.467572e-07
5.120000e-10	0.000000e+00	0.000000e+00	0.000000e+00	9.999748e-01	5.165524e-07
1.024000e-09	0.000000e+00	0.000000e+00	0.000000e+00	9.999700e-01	7.286220e-07
2.048000e-09	0.000000e+00	0.000000e+00	0.000000e+00	9.999667e-01	8.033916e-07
3.648000e-09	0.000000e+00	0.000000e+00	0.000000e+00	9.999651e-01	8.633127e-07
5.248000e-09	0.000000e+00	0.000000e+00	0.000000e+00	9.999653e-01	8.424390e-07
6.848000e-09	0.000000e+00	0.000000e+00	0.000000e+00	9.999652e-01	8.633047e-07
8.448000e-09	0.000000e+00	0.000000e+00	0.000000e+00	9.999653e-01	8.428584e-07
1.000000e-08	0.000000e+00	0.000000e+00	0.000000e+00	9.999653e-01	8.600268e-07
1.001000e-08	0.000000e+00	0.000000e+00	1.000000e-01	1.000078e+00	1.780150e-05
1.003000e-08	0.000000e+00	0.000000e+00	3.000000e-01	1.000265e+00	3.223607e-05
1.007000e-08	0.000000e+00	0.000000e+00	7.000000e-01	1.000452e+00	-5.107552e-05
1.010000e-08	0.000000e+00	0.000000e+00	1.000000e+00	1.000332e+00	-3.199575e-04
1.010800e-08	0.000000e+00	0.000000e+00	1.000000e+00	1.000212e+00	-4.640174e-04
1.012400e-08	0.000000e+00	0.000000e+00	1.000000e+00	9.999982e-01	-7.881933e-04
1.015600e-08	0.000000e+00	0.000000e+00	1.000000e+00	9.997270e-01	-1.109422e-03
1.020000e-08	0.000000e+00	0.000000e+00	1.000000e+00	9.995813e-01	-7.884687e-04
1.020640e-08	0.000000e+00	0.000000e+00	1.000000e+00	9.995899e-01	-7.036262e-04
1.021920e-08	0.000000e+00	0.000000e+00	1.000000e+00	9.996108e-01	-5.316541e-04
1.024480e-08	0.000000e+00	0.000000e+00	1.000000e+00	9.996655e-01	-2.027617e-04
1.029600e-08	0.000000e+00	0.000000e+00	1.000000e+00	9.997474e-01	2.237471e-04
1.039840e-08	0.000000e+00	0.000000e+00	1.000000e+00	9.998830e-01	4.498490e-04
1.060320e-08	0.000000e+00	0.000000e+00	1.000000e+00	1.000014e+00	1.536793e-04
1.101280e-08	0.000000e+00	0.000000e+00	1.000000e+00	9.999914e-01	-5.223687e-05
1.183200e-08	0.000000e+00	0.000000e+00	1.000000e+00	9.999579e-01	3.540334e-05
1.343200e-08	0.000000e+00	0.000000e+00	1.000000e+00	9.999674e-01	-2.773968e-05
1.500000e-08	0.000000e+00	0.000000e+00	1.000000e+00	9.999637e-01	2.438513e-05
1.501000e-08	0.000000e+00	1.000000e-01	1.000000e+00	1.000200e+00	3.690261e-04
1.503000e-08	0.000000e+00	3.000000e-01	1.000000e+00	1.000511e+00	9.715907e-04
1.507000e-08	0.000000e+00	7.000000e-01	1.000000e+00	9.982991e-01	1.527258e-03
1.510000e-08	0.000000e+00	1.000000e+00	1.000000e+00	9.881028e-01	1.285405e-03
1.510800e-08	0.000000e+00	1.000000e+00	1.000000e+00	9.843723e-01	9.876692e-04
1.512400e-08	0.000000e+00	1.000000e+00	1.000000e+00	9.779448e-01	4.938046e-04
1.515600e-08	0.000000e+00	1.000000e+00	1.000000e+00	9.709563e-01	-1.596976e-04
1.522000e-08	0.000000e+00	1.000000e+00	1.000000e+00	9.688760e-01	-4.596156e-04
1.534800e-08	0.000000e+00	1.000000e+00	1.000000e+00	9.717094e-01	-3.129994e-04
1.560400e-08	0.000000e+00	1.000000e+00	1.000000e+00	9.896605e-01	-7.633028e-05
1.611600e-08	0.000000e+00	1.000000e+00	1.000000e+00	1.014950e+00	-3.641431e-06
1.679164e-08	0.000000e+00	1.000000e+00	1.000000e+00	4.700316e-01	-8.069415e-05
1.795914e-08	0.000000e+00	1.000000e+00	1.000000e+00	-9.617093e-02	1.059791e-04
1.932067e-08	0.000000e+00	1.000000e+00	1.000000e+00	5.733315e-02	-5.796481e-05
2.010000e-08	0.000000e+00	1.000000e+00	1.000000e+00	-1.739028e-02	-6.133223e-06
2.011000e-08	0.000000e+00	9.000000e-01	9.000000e-01	-1.653709e-02	-1.374059e-04
2.013000e-08	0.000000e+00	7.000000e-01	7.000000e-01	-1.553770e-02	-5.869642e-04
2.017000e-08	0.000000e+00	3.000000e-01	3.000000e-01	-1.494370e-02	-1.137790e-03
2.020000e-08	0.000000e+00	0.000000e+00	0.000000e+00	-1.415077e-02	-8.964758e-04
2.020800e-08	0.000000e+00	0.000000e+00	0.000000e+00	-1.312184e-02	-4.807068e-04
2.022400e-08	0.000000e+00	0.000000e+00	0.000000e+00	-1.154301e-02	1.669411e-04
2.025600e-08	0.000000e+00	0.000000e+00	0.000000e+00	-8.326009e-03	7.353260e-04
2.032000e-08	0.000000e+00	0.000000e+00	0.000000e+00	-4.437342e-03	5.824487e-04
2.044800e-08	0.000000e+00	0.000000e+00	0.000000e+00	-2.895990e-03	-8.122689e-04
2.070400e-08	0.000000e+00	0.000000e+00	0.000000e+00	-2.191584e-03	-7.056094e-04
2.109764e-08	0.000000e+00	0.000000e+00	0.000000e+00	1.450065e-03	1.061086e-03
2.188491e-08	0.000000e+00	0.000000e+00	0.000000e+00	8.828149e-05	-4.784157e-04
2.264689e-08	0.000000e+00	0.000000e+00	0.000000e+00	2.871787e-06	2.613689e-04
2.417084e-08	0.000000e+00	0.000000e+00	0.000000e+00	7.285262e-05	-1.938891e-04
2.500000e-08	0.000000e+00	0.000000e+00	0.000000e+00	4.316133e-05	1.143382e-04
2.501000e-08	0.000000e+00	1.000000e-01	0.000000e+00	6.676858e-04	4.821432e-04
2.503000e-08	0.000000e+00	3.000000e-01	0.000000e+00	1.717155e-03	1.057898e-03
2.507000e-08	0.000000e+00	7.000000e-01	0.000000e+00	3.568316e-03	1.673516e-03
2.510000e-08	0.000000e+00	1.000000e+00	0.000000e+00	4.108451e-03	1.373608e-03
2.510800e-08	0.000000e+00	1.000000e+00	0.000000e+00	3.905691e-03	1.068679e-03
2.512400e-08	0.000000e+00	1.000000e+00	0.000000e+00	3.260592e-03	5.590913e-04
2.515600e-08	0.000000e+00	1.000000e+00	0.000000e+00	2.341591e-03	-1.129416e-04
2.522000e-08	0.000000e+00	1.000000e+00	0.000000e+00	7.455636e-04	-4.484065e-04
2.534800e-08	0.000000e+00	1.000000e+00	0.000000e+00	-6.440565e-04	-3.239127e-04
2.560400e-08	0.000000e+00	1.000000e+00	0.000000e+00	-5.908855e-04	-7.519913e-05
2.611600e-08	0.000000e+00	1.000000e+00	0.000000e+00	-1.233389e-04	-2.660396e-07
2.713282e-08	0.000000e+00	1.000000e+00	0.000000e+00	3.632132e-05	4.307823e-06
2.873282e-08	0.000000e+00	1.000000e+00	0.000000e+00	7.145588e-05	-2.002558e-06
3.000000e-08	0.000000e+00	1.000000e+00	3.308722e-14	-2.341106e-05	4.108539e-06
3.001000e-08	0.000000e+00	1.000000e+00	1.000000e-01	1.840465e-04	1.844741e-05
3.003000e-08	0.000000e+00	1.000000e+00	3.000000e-01	4.377374e-04	2.990107e-05
3.007000e-08	0.000000e+00	1.000000e+00	7.000000e-01	1.057806e-03	-4.947115e-05
3.010000e-08	0.000000e+00	1.000000e+00	1.000000e+00	5.987060e-04	-3.351152e-04
3.010800e-08	0.000000e+00	9.200000e-01	1.000000e+00	1.422339e-04	-5.694361e-04
3.012400e-08	0.000000e+00	7.600000e-01	1.000000e+00	-1.235373e-03	-1.177202e-03
3.015600e-08	0.000000e+00	4.400000e-01	1.000000e+00	-3.656080e-03	-2.094203e-03
3.020000e-08	0.000000e+00	0.000000e+00	1.000000e+00	-5.750067e-03	-1.800685e-03
3.020640e-08	0.000000e+00	0.000000e+00	1.000000e+00	-5.438480e-03	-1.412475e-03
3.021920e-08	0.000000e+00	0.000000e+00	1.000000e+00	-5.045727e-03	-7.323241e-04
3.024480e-08	0.000000e+00	0.000000e+00	1.000000e+00	-3.934979e-03	1.656837e-04
3.029600e-08	0.000000e+00	0.000000e+00	1.000000e+00	-2.002737e-03	1.169915e-03
3.039840e-08	0.000000e+00	0.000000e+00	1.000000e+00	-1.617055e-04	7.319964e-04
3.060320e-08	0.000000e+00	0.000000e+00	1.000000e+00	9.445752e-04	5.845936e-05
3.101280e-08	0.000000e+00	0.000000e+00	1.000000e+00	2.756187e-04	-3.779884e-05
3.181590e-08	0.000000e+00	0.000000e+00	1.000000e+00	-6.462222e-05	2.961952e-05
3.310677e-08	0.000000e+00	0.000000e+00	1.000000e+00	-3.058860e-05	-4.233255e-05
3.470677e-08	0.000000e+00	0.000000e+00	1.000000e+00	4.716566e-05	3.932464e-05
3.500000e-08	0.000000e+00	0.000000e+00	1.000000e+00	7.939725e-06	1.310096e-06
3.501000e-08	1.000000e-01	1.000000e-01	1.000000e+00	8.987560e-04	4.369623e-04
3.503000e-08	3.000000e-01	3.000000e-01	1.000000e+00	2.378912e-03	9.334761e-04
3.507000e-08	7.000000e-01	7.000000e-01	1.000000e+00	5.331012e-03	1.288446e-03
3.510000e-08	1.000000e+00	1.000000e+00	1.000000e+00	6.612365e-03	9.367055e-04
3.510800e-08	1.000000e+00	1.000000e+00	1.000000e+00	6.331478e-03	6.492047e-04
3.512400e-08	1.000000e+00	1.000000e+00	1.000000e+00	5.600355e-03	1.806311e-04
3.515600e-08	1.000000e+00	1.000000e+00	1.000000e+00	3.379164e-03	-4.059756e-04
3.522000e-08	1.000000e+00	1.000000e+00	1.000000e+00	-1.628143e-03	-5.381326e-04
3.534800e-08	1.000000e+00	1.000000e+00	1.000000e+00	-1.001085e-02	-2.273565e-04
3.560400e-08	1.000000e+00	1.000000e+00	1.000000e+00	-3.690309e-03	2.803446e-05
3.611600e-08	1.000000e+00	1.000000e+00	1.000000e+00	2.578745e-01	5.432928e-05
3.712834e-08	1.000000e+00	1.000000e+00	1.000000e+00	9.269455e-01	-2.947833e-05
3.835424e-08	1.000000e+00	1.000000e+00	1.000000e+00	1.025790e+00	-3.567656e-05
3.995424e-08	1.000000e+00	1.000000e+00	1.000000e+00	9.823300e-01	5.334327e-05
4.010000e-08	1.000000e+00	1.000000e+00	1.000000e+00	9.918935e-01	-2.636776e-05
4.011000e-08	1.000000e+00	9.000000e-01	9.000000e-01	9.915896e-01	-1.817081e-04
4.013000e-08	1.000000e+00	7.000000e-01	7.000000e-01	9.910690e-01	-7.386934e-04
4.017000e-08	1.000000e+00	3.000000e-01	3.000000e-01	9.916110e-01	-1.454192e-03
4.020000e-08	1.000000e+00	0.000000e+00	0.000000e+00	9.946605e-01	-1.250191e-03
4.020800e-08	1.000000e+00	0.000000e+00	0.000000e+00	9.962078e-01	-7.942012e-04
4.022400e-08	1.000000e+00	0.000000e+00	0.000000e+00	9.990925e-01	-5.771503e-05
4.025600e-08	1.000000e+00	0.000000e+00	0.000000e+00	1.003900e+00	6.280825e-04
4.032000e-08	1.000000e+00	0.000000e+00	0.000000e+00	1.006614e+00	4.536949e-04
4.044800e-08	1.000000e+00	0.000000e+00	0.000000e+00	9.856992e-01	-1.811497e-03
4.070400e-08	1.000000e+00	0.000000e+00	0.000000e+00	9.383835e-01	-2.798233e-03
4.121600e-08	1.000000e+00	0.000000e+00	0.000000e+00	9.693777e-01	2.485545e-03
4.207071e-08	1.000000e+00	0.000000e+00	0.000000e+00	1.008280e+00	-1.247596e-04
4.325640e-08	1.000000e+00	0.000000e+00	0.000000e+00	9.948942e-01	-1.576618e-05
4.485640e-08	1.000000e+00	0.000000e+00	0.000000e+00	1.001989e+00	7.947778e-05
4.500000e-08	1.000000e+00	0.000000e+00	0.000000e+00	1.000729e+00	-6.827636e-05
4.501000e-08	1.000000e+00	1.000000e-01	0.000000e+00	1.000965e+00	3.739013e-04
4.503000e-08	1.000000e+00	3.000000e-01	0.000000e+00	1.001091e+00	1.084686e-03
4.507000e-08	1.000000e+00	7.000000e-01	0.000000e+00	9.967910e-01	2.024256e-03
4.510000e-08	1.000000e+00	1.000000e+00	0.000000e+00	9.865678e-01	1.919358e-03
4.510800e-08	9.200000e-01	1.000000e+00	0.000000e+00	9.833238e-01	1.615998e-03
4.512400e-08	7.600000e-01	1.000000e+00	0.000000e+00	9.779215e-01	1.092856e-03
4.515600e-08	4.400000e-01	1.000000e+00	0.000000e+00	9.722677e-01	2.633696e-04
4.520000e-08	0.000000e+00	1.000000e+00	0.000000e+00	9.708277e-01	-7.984543e-04
4.520640e-08	0.000000e+00	1.000000e+00	0.000000e+00	9.710472e-01	-9.903786e-04
4.521920e-08	0.000000e+00	1.000000e+00	0.000000e+00	9.715276e-01	-1.392428e-03
4.524480e-08	0.000000e+00	1.000000e+00	0.000000e+00	9.727361e-01	-2.275406e-03
4.529600e-08	0.000000e+00	1.000000e+00	0.000000e+00	9.757846e-01	-4.064076e-03
4.539840e-08	0.000000e+00	1.000000e+00	0.000000e+00	9.824605e-01	-6.897278e-03
4.560320e-08	0.000000e+00	1.000000e+00	0.000000e+00	9.913315e-01	3.760783e-03
4.601280e-08	0.000000e+00	1.000000e+00	0.000000e+00	9.939026e-01	3.996343e-01
4.683200e-08	0.000000e+00	1.000000e+00	0.000000e+00	9.963041e-01	1.012675e+00
4.781577e-08	0.000000e+00	1.000000e+00	0.000000e+00	1.000566e+00	9.915223e-01
4.941577e-08	0.000000e+00	1.000000e+00	0.000000e+00	9.990662e-01	1.006399e+00
5.000000e-08	0.000000e+00	1.000000e+00	0.000000e+00	9.998350e-01	9.969057e-01
5.001000e-08	0.000000e+00	1.000000e+00	1.000000e-01	9.999475e-01	9.972367e-01
5.003000e-08	0.000000e+00	1.000000e+00	3.000000e-01	1.000141e+00	9.977454e-01
5.007000e-08	0.000000e+00	1.000000e+00	7.000000e-01	1.000097e+00	9.982661e-01
5.010000e-08	0.000000e+00	1.000000e+00	1.000000e+00	9.993554e-01	9.978278e-01
5.010800e-08	0.000000e+00	9.200000e-01	1.000000e+00	9.987181e-01	9.975314e-01
5.012400e-08	0.000000e+00	7.600000e-01	1.000000e+00	9.975741e-01	9.970465e-01
5.015600e-08	0.000000e+00	4.400000e-01	1.000000e+00	9.958408e-01	9.972920e-01
5.020000e-08	0.000000e+00	0.000000e+00	1.000000e+00	9.948568e-01	1.002475e+00
5.020640e-08	0.000000e+00	0.000000e+00	1.000000e+00	9.951800e-01	1.003883e+00
5.021920e-08	0.000000e+00	0.000000e+00	1.000000e+00	9.957428e-01	1.006782e+00
5.024480e-08	0.000000e+00	0.000000e+00	1.000000e+00	9.968233e-01	1.012420e+00
5.029600e-08	0.000000e+00	0.000000e+00	1.000000e+00	9.986602e-01	1.016830e+00
5.039840e-08	0.000000e+00	0.000000e+00	1.000000e+00	1.001496e+00	9.303608e-01
5.060320e-08	0.000000e+00	0.000000e+00	1.000000e+00	1.002849e+00	2.493904e-01
5.101280e-08	0.000000e+00	0.000000e+00	1.000000e+00	1.000535e+00	-9.106913e-02
5.139934e-08	0.000000e+00	0.000000e+00	1.000000e+00	9.996849e-01	5.960234e-02
5.217241e-08	0.000000e+00	0.000000e+00	1.000000e+00	9.998004e-01	-4.396209e-02
5.298732e-08	0.000000e+00	0.000000e+00	1.000000e+00	9.997965e-01	3.614978e-02
5.458732e-08	0.000000e+00	0.000000e+00	1.000000e+00	9.998133e-01	-3.111204e-02
5.500000e-08	0.000000e+00	0.000000e+00	1.000000e+00	9.998380e-01	2.010857e-02
5.501000e-08	0.000000e+00	1.000000e-01	1.000000e+00	1.000264e+00	1.693554e-02
5.503000e-08	0.000000e+00	3.000000e-01	1.000000e+00	1.001391e+00	1.179867e-02
5.507000e-08	0.000000e+00	7.000000e-01	1.000000e+00	1.003454e+00	5.927724e-03
5.510000e-08	0.000000e+00	1.000000e+00	1.000000e+00	1.004268e+00	3.559290e-03
5.510800e-08	0.000000e+00	1.000000e+00	1.000000e+00	1.003979e+00	2.929682e-03
5.512400e-08	0.000000e+00	1.000000e+00	1.000000e+00	1.003488e+00	1.874255e-03
5.515600e-08	0.000000e+00	1.000000e+00	1.000000e+00	1.002612e+00	4.546545e-04
5.522000e-08	0.000000e+00	1.000000e+00	1.000000e+00	1.001497e+00	-3.330422e-04
5.534800e-08	0.000000e+00	1.000000e+00	1.000000e+00	1.001297e+00	-3.490421e-04
5.560400e-08	0.000000e+00	1.000000e+00	1.000000e+00	1.006833e+00	-6.524832e-05
5.611600e-08	0.000000e+00	1.000000e+00	1.000000e+00	1.004614e+00	-1.144388e-05
5.714000e-08	0.000000e+00	1.000000e+00	1.000000e+00	2.968300e-01	-4.352845e-05
5.824834e-08	0.000000e+00	1.000000e+00	1.000000e+00	-8.890761e-02	8.581810e-05
5.984834e-08	0.000000e+00	1.000000e+00	1.000000e+00	5.799675e-02	-6.398432e-05
6.010000e-08	0.000000e+00	1.000000e+00	1.000000e+00	1.180879e-02	-3.533452e-05
6.011000e-08	0.000000e+00	9.000000e-01	9.000000e-01	1.128813e-02	-1.737475e-04
6.013000e-08	0.000000e+00	7.000000e-01	7.000000e-01	9.584690e-03	-6.360366e-04
6.017000e-08	0.000000e+00	3.000000e-01	3.000000e-01	5.686937e-03	-1.186071e-03
6.020000e-08	0.000000e+00	6.550316e-14	0.000000e+00	3.697340e-03	-9.379554e-04
6.020800e-08	0.000000e+00	0.000000e+00	0.000000e+00	4.060309e-03	-5.198996e-04
6.022400e-08	0.000000e+00	0.000000e+00	0.000000e+00	4.389139e-03	1.340585e-04
6.025600e-08	0.000000e+00	0.000000e+00	0.000000e+00	5.273116e-03	7.066407e-04
6.032000e-08	0.000000e+00	0.000000e+00	0.000000e+00	5.419343e-03	5.466792e-04
6.044800e-08	0.000000e+00	0.000000e+00	0.000000e+00	1.904381e-03	-8.488405e-04
6.070400e-08	0.000000e+00	0.000000e+00	0.000000e+00	-1.600197e-03	-6.760717e-04
6.107065e-08	0.000000e+00	0.000000e+00	0.000000e+00	1.293314e-03	1.059917e-03
6.180394e-08	0.000000e+00	0.000000e+00	0.000000e+00	1.715641e-04	-4.333089e-04
6.249416e-08	0.000000e+00	0.000000e+00	0.000000e+00	-4.161598e-05	2.188133e-04
6.387460e-08	0.000000e+00	0.000000e+00	0.000000e+00	-1.059890e-04	-1.569920e-04
6.500000e-08	0.000000e+00	0.000000e+00	0.000000e+00	1.067731e-04	1.078893e-04
6.501000e-08	0.000000e+00	1.000000e-01	0.000000e+00	9.043070e-04	4.771982e-04
6.503000e-08	0.000000e+00	3.000000e-01	0.000000e+00	2.041809e-03	1.054301e-03
6.507000e-08	0.000000e+00	7.000000e-01	0.000000e+00	3.831153e-03	1.672736e-03
6.510000e-08	0.000000e+00	1.000000e+00	0.000000e+00	4.405165e-03	1.373101e-03
6.510800e-08	0.000000e+00	1.000000e+00	0.000000e+00	4.176642e-03	1.067980e-03
6.512400e-08	0.000000e+00	1.000000e+00	0.000000e+00	3.510227e-03	5.582488e-04
6.515600e-08	0.000000e+00	1.000000e+00	0.000000e+00	2.541218e-03	-1.139545e-04
6.522000e-08	0.000000e+00	1.000000e+00	0.000000e+00	9.024802e-04	-4.488891e-04
6.534800e-08	0.000000e+00	1.000000e+00	0.000000e+00	-5.550865e-04	-3.237277e-04
6.560400e-08	0.000000e+00	1.000000e+00	0.000000e+00	-5.718434e-04	-7.596835e-05
6.611600e-08	0.000000e+00	1.000000e+00	0.000000e+00	-1.275819e-04	2.306103e-07
6.713229e-08	0.000000e+00	1.000000e+00	0.000000e+00	3.729524e-05	4.029268e-06
6.873229e-08	0.000000e+00	1.000000e+00	0.000000e+00	6.565362e-05	-1.795233e-06
7.000000e-08	0.000000e+00	1.000000e+00	0.000000e+00	-2.051257e-05	3.849507e-06
7.001000e-08	0.000000e+00	1.000000e+00	1.000000e-01	1.891676e-04	1.708477e-05
7.003000e-08	0.000000e+00	1.000000e+00	3.000000e-01	4.509308e-04	2.742302e-05
7.007000e-08	0.000000e+00	1.000000e+00	7.000000e-01	1.067809e-03	-5.190965e-05
7.010000e-08	0.000000e+00	1.000000e+00	1.000000e+00	6.080271e-04	-3.336968e-04
7.010800e-08	0.000000e+00	9.200000e-01	1.000000e+00	1.508045e-04	-5.682239e-04
7.012400e-08	0.000000e+00	7.600000e-01	1.000000e+00	-1.227856e-03	-1.176441e-03
7.015600e-08	0.000000e+00	4.400000e-01	1.000000e+00	-3.650706e-03	-2.094087e-03
7.020000e-08	0.000000e+00	6.550316e-14	1.000000e+00	-5.746678e-03	-1.800965e-03
7.020640e-08	0.000000e+00	0.000000e+00	1.000000e+00	-5.435331e-03	-1.412769e-03
7.021920e-08	0.000000e+00	0.000000e+00	1.000000e+00	-5.043053e-03	-7.326343e-04
7.024480e-08	0.000000e+00	0.000000e+00	1.000000e+00	-3.933065e-03	1.654050e-04
7.029600e-08	0.000000e+00	0.000000e+00	1.000000e+00	-2.001981e-03	1.169699e-03
7.039840e-08	0.000000e+00	0.000000e+00	1.000000e+00	-1.618730e-04	7.319704e-04
7.060320e-08	0.000000e+00	0.000000e+00	1.000000e+00	9.437416e-04	5.847903e-05
7.101280e-08	0.000000e+00	0.000000e+00	1.000000e+00	2.755517e-04	-3.780843e-05
7.181590e-08	0.000000e+00	0.000000e+00	1.000000e+00	-6.460973e-05	2.962633e-05
7.310679e-08	0.000000e+00	0.000000e+00	1.000000e+00	-3.044928e-05	-4.234390e-05
7.470679e-08	0.000000e+00	0.000000e+00	1.000000e+00	4.707693e-05	3.933446e-05
7.500000e-08	0.000000e+00	0.000000e+00	1.000000e+00	7.983649e-06	1.313859e-06
7.501000e-08	0.000000e+00	1.000000e-01	1.000000e+00	6.524785e-04	4.361211e-04
7.503000e-08	0.000000e+00	3.000000e-01	1.000000e+00	1.740712e-03	9.317324e-04
7.507000e-08	0.000000e+00	7.000000e-01	1.000000e+00	3.649171e-03	1.285141e-03
7.510000e-08	0.000000e+00	1.000000e+00	1.000000e+00	4.217091e-03	9.330455e-04
7.510800e-08	0.000000e+00	1.000000e+00	1.000000e+00	3.860576e-03	6.461305e-04
7.512400e-08	0.000000e+00	1.000000e+00	1.000000e+00	3.370258e-03	1.800253e-04
7.515600e-08	0.000000e+00	1.000000e+00	1.000000e+00	2.124353e-03	-4.031677e-04
7.522000e-08	0.000000e+00	1.000000e+00	1.000000e+00	2.183152e-04	-5.293741e-04
7.534800e-08	0.000000e+00	1.000000e+00	1.000000e+00	-1.069816e-03	-2.215783e-04
7.560400e-08	0.000000e+00	1.000000e+00	1.000000e+00	-1.018432e-03	1.358653e-05
7.611600e-08	0.000000e+00	1.000000e+00	1.000000e+00	6.229493e-05	-6.418407e-06
7.714000e-08	0.000000e+00	1.000000e+00	1.000000e+00	1.144455e-04	6.070260e-06
7.874000e-08	0.000000e+00	1.000000e+00	1.000000e+00	-4.988297e-05	-6.937634e-06
8.000000e-08	0.000000e+00	1.000000e+00	1.000000e+00	2.069726e-05	1.273126e-06
