time (time)	v(in) (voltage)	v(sel) (voltage)	v(rw) (voltage)	v(yyyy_latch) (voltage)	v(yyyy_cell) (voltage)
0.000000e+00	0.000000e+00	0.000000e+00	0.000000e+00	9.999769e-01	1.718802e-06
1.000000e-12	0.000000e+00	0.000000e+00	0.000000e+00	1.000001e+00	6.222570e-06
2.000000e-12	0.000000e+00	0.000000e+00	0.000000e+00	1.000023e+00	6.696768e-06
4.000000e-12	0.000000e+00	0.000000e+00	0.000000e+00	1.000058e+00	6.924748e-06
8.000000e-12	0.000000e+00	0.000000e+00	0.000000e+00	1.000059e+00	5.126491e-06
1.600000e-11	0.000000e+00	0.000000e+00	0.000000e+00	1.000016e+00	3.380428e-06
3.200000e-11	0.000000e+00	0.000000e+00	0.000000e+00	9.999917e-01	3.396222e-06
6.400000e-11	0.000000e+00	0.000000e+00	0.000000e+00	9.999802e-01	2.470386e-06
1.280000e-10	0.000000e+00	0.000000e+00	0.000000e+00	9.999675e-01	2.367396e-06
2.560000e-10	0.000000e+00	0.000000e+00	0.000000e+00	9.999821e-01	1.859468e-06
5.120000e-10	0.000000e+00	0.000000e+00	0.000000e+00	9.999756e-01	1.978454e-06
1.024000e-09	0.000000e+00	0.000000e+00	0.000000e+00	9.999778e-01	1.668212e-06
2.048000e-09	0.000000e+00	0.000000e+00	0.000000e+00	9.999758e-01	1.872786e-06
3.648000e-09	0.000000e+00	0.000000e+00	0.000000e+00	9.999778e-01	1.623198e-06
5.248000e-09	0.000000e+00	0.000000e+00	0.000000e+00	9.999761e-01	1.857796e-06
6.848000e-09	0.000000e+00	0.000000e+00	0.000000e+00	9.999780e-01	1.625670e-06
8.448000e-09	0.000000e+00	0.000000e+00	0.000000e+00	9.999763e-01	1.855155e-06
1.000000e-08	0.000000e+00	0.000000e+00	0.000000e+00	9.999778e-01	1.629462e-06
1.001000e-08	0.000000e+00	0.000000e+00	1.000000e-01	1.000296e+00	7.744064e-05
1.003000e-08	0.000000e+00	0.000000e+00	3.000000e-01	1.000179e+00	-6.752404e-05
1.007000e-08	0.000000e+00	0.000000e+00	7.000000e-01	9.989246e-01	-1.014601e-03
1.010000e-08	0.000000e+00	0.000000e+00	1.000000e+00	9.987535e-01	-3.291670e-05
1.010730e-08	0.000000e+00	0.000000e+00	1.000000e+00	9.989881e-01	7.636191e-04
1.012190e-08	0.000000e+00	0.000000e+00	1.000000e+00	9.996829e-01	1.241083e-03
1.015110e-08	0.000000e+00	0.000000e+00	1.000000e+00	1.000250e+00	3.418277e-06
1.020950e-08	0.000000e+00	0.000000e+00	1.000000e+00	9.998906e-01	-7.241160e-05
1.027921e-08	0.000000e+00	0.000000e+00	1.000000e+00	1.000049e+00	9.070584e-05
1.041861e-08	0.000000e+00	0.000000e+00	1.000000e+00	9.999362e-01	-8.711943e-05
1.069743e-08	0.000000e+00	0.000000e+00	1.000000e+00	1.000017e+00	8.933038e-05
1.125507e-08	0.000000e+00	0.000000e+00	1.000000e+00	9.999368e-01	-8.512924e-05
1.237034e-08	0.000000e+00	0.000000e+00	1.000000e+00	1.000010e+00	8.810443e-05
1.397034e-08	0.000000e+00	0.000000e+00	1.000000e+00	9.999388e-01	-8.436844e-05
1.557034e-08	0.000000e+00	0.000000e+00	1.000000e+00	1.000008e+00	8.745265e-05
1.600000e-08	0.000000e+00	0.000000e+00	1.000000e+00	9.999418e-01	-8.269895e-05
1.601000e-08	0.000000e+00	1.000000e-01	1.000000e+00	1.000797e+00	5.536134e-04
1.603000e-08	0.000000e+00	3.000000e-01	1.000000e+00	1.000454e+00	3.583590e-04
1.607000e-08	0.000000e+00	7.000000e-01	1.000000e+00	9.860935e-01	-5.485209e-05
1.610000e-08	0.000000e+00	1.000000e+00	1.000000e+00	9.873333e-01	-5.535995e-05
1.610800e-08	0.000000e+00	1.000000e+00	1.000000e+00	9.917159e-01	-6.094111e-04
1.612400e-08	0.000000e+00	1.000000e+00	1.000000e+00	1.003014e+00	-4.806567e-04
1.615600e-08	0.000000e+00	1.000000e+00	1.000000e+00	1.038501e+00	1.903542e-04
1.622000e-08	0.000000e+00	1.000000e+00	1.000000e+00	8.270395e-01	-4.233105e-04
1.630039e-08	0.000000e+00	1.000000e+00	1.000000e+00	2.245957e-01	1.836505e-04
1.639991e-08	0.000000e+00	1.000000e+00	1.000000e+00	-2.284721e-02	2.028181e-04
1.650993e-08	0.000000e+00	1.000000e+00	1.000000e+00	8.972317e-03	-2.646035e-04
1.672791e-08	0.000000e+00	1.000000e+00	1.000000e+00	-6.157565e-03	2.815941e-04
1.692633e-08	0.000000e+00	1.000000e+00	1.000000e+00	4.869416e-03	-2.836999e-04
1.732315e-08	0.000000e+00	1.000000e+00	1.000000e+00	-4.138676e-03	2.865617e-04
1.811680e-08	0.000000e+00	1.000000e+00	1.000000e+00	4.109973e-03	-2.828509e-04
1.946928e-08	0.000000e+00	1.000000e+00	1.000000e+00	-3.845843e-03	2.855862e-04
2.010000e-08	0.000000e+00	1.000000e+00	1.000000e+00	3.773761e-03	-2.811072e-04
2.011000e-08	0.000000e+00	1.000000e+00	9.000000e-01	1.059548e-03	-1.148660e-04
2.013000e-08	0.000000e+00	1.000000e+00	7.000000e-01	-7.582747e-04	1.142123e-04
2.017000e-08	0.000000e+00	1.000000e+00	3.000000e-01	3.998090e-03	8.908204e-04
2.020000e-08	0.000000e+00	1.000000e+00	0.000000e+00	4.313193e-03	-8.294035e-04
2.020628e-08	0.000000e+00	1.000000e+00	0.000000e+00	3.178768e-03	-1.459919e-03
2.021885e-08	0.000000e+00	1.000000e+00	0.000000e+00	1.080252e-03	-1.233875e-03
2.024399e-08	0.000000e+00	1.000000e+00	0.000000e+00	-1.350031e-03	5.056569e-04
2.029427e-08	0.000000e+00	1.000000e+00	0.000000e+00	2.633786e-05	3.155342e-05
2.035525e-08	0.000000e+00	1.000000e+00	0.000000e+00	3.493424e-04	-1.285134e-05
2.047723e-08	0.000000e+00	1.000000e+00	0.000000e+00	7.414912e-05	2.542480e-05
2.072118e-08	0.000000e+00	1.000000e+00	0.000000e+00	8.965067e-05	-1.778504e-05
2.110000e-08	0.000000e+00	1.000000e+00	0.000000e+00	8.949730e-06	2.040275e-05
2.111000e-08	0.000000e+00	9.000000e-01	0.000000e+00	-8.674850e-04	-4.795665e-04
2.113000e-08	0.000000e+00	7.000000e-01	0.000000e+00	-1.487495e-03	-5.239289e-04
2.117000e-08	0.000000e+00	3.000000e-01	0.000000e+00	-8.463061e-04	2.264701e-04
2.120000e-08	0.000000e+00	0.000000e+00	0.000000e+00	-7.351470e-04	1.891336e-04
2.120800e-08	0.000000e+00	0.000000e+00	0.000000e+00	2.337655e-04	6.354272e-04
2.122400e-08	0.000000e+00	0.000000e+00	0.000000e+00	8.296084e-04	3.807256e-04
2.125600e-08	0.000000e+00	0.000000e+00	0.000000e+00	1.930480e-04	-2.124115e-04
2.132000e-08	0.000000e+00	0.000000e+00	0.000000e+00	1.039354e-04	1.684340e-04
2.144800e-08	0.000000e+00	0.000000e+00	0.000000e+00	1.745083e-05	-1.447193e-04
2.170400e-08	0.000000e+00	0.000000e+00	0.000000e+00	7.961228e-05	1.392137e-04
2.221600e-08	0.000000e+00	0.000000e+00	0.000000e+00	9.322366e-06	-1.313888e-04
2.324000e-08	0.000000e+00	0.000000e+00	0.000000e+00	5.711905e-05	1.327815e-04
2.484000e-08	0.000000e+00	0.000000e+00	0.000000e+00	-8.538481e-06	-1.279792e-04
2.600000e-08	0.000000e+00	0.000000e+00	0.000000e+00	4.486313e-05	1.296327e-04
2.601000e-08	0.000000e+00	1.000000e-01	0.000000e+00	1.210512e-03	6.103258e-04
2.603000e-08	0.000000e+00	3.000000e-01	0.000000e+00	1.834241e-03	3.302903e-04
2.607000e-08	0.000000e+00	7.000000e-01	0.000000e+00	3.334103e-04	1.353162e-06
2.610000e-08	0.000000e+00	1.000000e+00	0.000000e+00	-5.237294e-04	-1.481038e-04
2.610800e-08	0.000000e+00	1.000000e+00	0.000000e+00	-1.377062e-03	-6.843595e-04
2.612400e-08	0.000000e+00	1.000000e+00	0.000000e+00	-1.719251e-03	-5.078956e-04
2.615600e-08	0.000000e+00	1.000000e+00	0.000000e+00	-5.365659e-04	1.839924e-04
2.622000e-08	0.000000e+00	1.000000e+00	0.000000e+00	-1.748071e-05	-1.307537e-04
2.634800e-08	0.000000e+00	1.000000e+00	0.000000e+00	2.784212e-05	1.146513e-04
2.660400e-08	0.000000e+00	1.000000e+00	0.000000e+00	-6.878868e-06	-1.031509e-04
2.711600e-08	0.000000e+00	1.000000e+00	0.000000e+00	2.378186e-05	1.028853e-04
2.814000e-08	0.000000e+00	1.000000e+00	0.000000e+00	-6.528614e-06	-1.048611e-04
2.974000e-08	0.000000e+00	1.000000e+00	0.000000e+00	2.187425e-05	1.070880e-04
3.000000e-08	0.000000e+00	1.000000e+00	3.308722e-14	-6.839161e-06	-8.851085e-05
3.001000e-08	0.000000e+00	1.000000e+00	1.000000e-01	6.304630e-04	1.528436e-04
3.003000e-08	0.000000e+00	1.000000e+00	3.000000e-01	7.909476e-04	-9.506726e-05
3.007000e-08	0.000000e+00	1.000000e+00	7.000000e-01	-2.246885e-03	-1.003091e-03
3.010000e-08	0.000000e+00	1.000000e+00	1.000000e+00	-3.407648e-03	-3.125574e-05
3.010730e-08	0.000000e+00	1.000000e+00	1.000000e+00	-3.095255e-03	7.676661e-04
3.012190e-08	0.000000e+00	1.000000e+00	1.000000e+00	-2.203288e-03	1.243258e-03
3.015110e-08	0.000000e+00	1.000000e+00	1.000000e+00	-5.130526e-04	1.957141e-06
3.020950e-08	0.000000e+00	1.000000e+00	1.000000e+00	5.105606e-04	-7.349005e-05
3.027920e-08	0.000000e+00	1.000000e+00	1.000000e+00	2.773984e-04	9.150852e-05
3.041861e-08	0.000000e+00	1.000000e+00	1.000000e+00	6.081499e-05	-8.791338e-05
3.059685e-08	0.000000e+00	1.000000e+00	1.000000e+00	1.900854e-05	8.918509e-05
3.090681e-08	0.000000e+00	1.000000e+00	1.000000e+00	5.646912e-05	-8.398048e-05
3.110000e-08	0.000000e+00	1.000000e+00	1.000000e+00	7.699401e-06	8.404195e-05
3.111000e-08	0.000000e+00	9.000000e-01	1.000000e+00	-1.021360e-03	-2.969480e-04
3.113000e-08	0.000000e+00	7.000000e-01	1.000000e+00	-1.688570e-03	-2.883326e-04
3.117000e-08	0.000000e+00	3.000000e-01	1.000000e+00	1.281865e-03	1.383527e-04
3.120000e-08	0.000000e+00	0.000000e+00	1.000000e+00	2.764861e-03	5.833025e-05
3.120724e-08	0.000000e+00	0.000000e+00	1.000000e+00	2.515489e-03	4.292750e-04
3.122173e-08	0.000000e+00	0.000000e+00	1.000000e+00	-1.349472e-05	2.697360e-04
3.125070e-08	0.000000e+00	0.000000e+00	1.000000e+00	-2.232864e-03	-1.532760e-04
3.130865e-08	0.000000e+00	0.000000e+00	1.000000e+00	-8.757950e-05	1.272585e-04
3.137959e-08	0.000000e+00	0.000000e+00	1.000000e+00	1.261025e-05	-1.032963e-04
3.152148e-08	0.000000e+00	0.000000e+00	1.000000e+00	2.615746e-05	9.805664e-05
3.180527e-08	0.000000e+00	0.000000e+00	1.000000e+00	5.912776e-06	-9.041857e-05
3.237284e-08	0.000000e+00	0.000000e+00	1.000000e+00	1.943825e-05	9.224206e-05
3.350798e-08	0.000000e+00	0.000000e+00	1.000000e+00	8.641787e-07	-8.739964e-05
3.500000e-08	0.000000e+00	0.000000e+00	1.000000e+00	1.568551e-05	9.007941e-05
3.501000e-08	1.000000e-01	0.000000e+00	1.000000e+00	4.517523e-04	2.617463e-05
3.503000e-08	3.000000e-01	0.000000e+00	1.000000e+00	7.025841e-04	4.102418e-07
3.507000e-08	7.000000e-01	0.000000e+00	1.000000e+00	4.290372e-04	2.551855e-06
3.510000e-08	1.000000e+00	0.000000e+00	1.000000e+00	3.535688e-05	7.890290e-07
3.510800e-08	1.000000e+00	0.000000e+00	1.000000e+00	-3.805192e-04	1.389252e-07
3.512400e-08	1.000000e+00	0.000000e+00	1.000000e+00	-7.513592e-04	2.480470e-06
3.515600e-08	1.000000e+00	0.000000e+00	1.000000e+00	-4.249245e-04	3.139234e-06
3.522000e-08	1.000000e+00	0.000000e+00	1.000000e+00	5.858372e-06	1.618642e-06
3.534800e-08	1.000000e+00	0.000000e+00	1.000000e+00	3.860099e-06	2.569995e-06
3.560400e-08	1.000000e+00	0.000000e+00	1.000000e+00	9.166516e-06	1.508177e-06
3.600000e-08	1.000000e+00	3.308722e-14	1.000000e+00	5.028429e-06	2.569141e-06
3.601000e-08	1.000000e+00	1.000000e-01	1.000000e+00	1.503092e-03	4.287091e-04
3.603000e-08	1.000000e+00	3.000000e-01	1.000000e+00	2.319916e-03	1.691468e-04
3.607000e-08	1.000000e+00	7.000000e-01	1.000000e+00	-6.317998e-03	-9.645817e-05
3.610000e-08	1.000000e+00	1.000000e+00	1.000000e+00	-1.799018e-02	-1.055632e-04
3.610800e-08	1.000000e+00	1.000000e+00	1.000000e+00	-1.770685e-02	-3.942546e-04
3.612400e-08	1.000000e+00	1.000000e+00	1.000000e+00	-3.530016e-03	-9.210775e-05
3.615600e-08	1.000000e+00	1.000000e+00	1.000000e+00	1.190996e-01	3.514065e-04
3.622000e-08	1.000000e+00	1.000000e+00	1.000000e+00	6.468319e-01	1.402574e-04
3.631501e-08	1.000000e+00	1.000000e+00	1.000000e+00	1.000807e+00	-5.917634e-04
3.640190e-08	1.000000e+00	1.000000e+00	1.000000e+00	9.898514e-01	5.632241e-04
3.652443e-08	1.000000e+00	1.000000e+00	1.000000e+00	1.009030e+00	-5.061243e-04
3.670102e-08	1.000000e+00	1.000000e+00	1.000000e+00	9.918756e-01	4.664126e-04
3.688236e-08	1.000000e+00	1.000000e+00	1.000000e+00	1.007096e+00	-4.188867e-04
3.724506e-08	1.000000e+00	1.000000e+00	1.000000e+00	9.933053e-01	4.005778e-04
3.797045e-08	1.000000e+00	1.000000e+00	1.000000e+00	1.006431e+00	-3.861793e-04
3.912889e-08	1.000000e+00	1.000000e+00	1.000000e+00	9.936877e-01	3.830814e-04
4.010000e-08	1.000000e+00	1.000000e+00	1.000000e+00	1.006140e+00	-3.715402e-04
4.011000e-08	1.000000e+00	1.000000e+00	9.000000e-01	1.001962e+00	-2.245166e-04
4.013000e-08	1.000000e+00	1.000000e+00	7.000000e-01	9.992094e-01	1.117449e-04
4.017000e-08	1.000000e+00	1.000000e+00	3.000000e-01	1.006683e+00	1.205005e-03
4.020000e-08	1.000000e+00	1.000000e+00	0.000000e+00	1.013098e+00	-9.576682e-03
4.020633e-08	1.000000e+00	1.000000e+00	0.000000e+00	1.011749e+00	-1.447325e-02
4.021899e-08	1.000000e+00	1.000000e+00	0.000000e+00	1.004936e+00	-1.803511e-02
4.024432e-08	1.000000e+00	1.000000e+00	0.000000e+00	9.884774e-01	5.843200e-02
4.029497e-08	1.000000e+00	1.000000e+00	0.000000e+00	9.892318e-01	8.453055e-01
4.036187e-08	1.000000e+00	1.000000e+00	0.000000e+00	9.964319e-01	1.035393e+00
4.044911e-08	1.000000e+00	1.000000e+00	0.000000e+00	9.988796e-01	9.705645e-01
4.058898e-08	1.000000e+00	1.000000e+00	0.000000e+00	1.000171e+00	1.024518e+00
4.075975e-08	1.000000e+00	1.000000e+00	0.000000e+00	9.994072e-01	9.777098e-01
4.110000e-08	1.000000e+00	1.000000e+00	0.000000e+00	1.000279e+00	1.020555e+00
4.111000e-08	1.000000e+00	9.000000e-01	0.000000e+00	9.991263e-01	1.005333e+00
4.113000e-08	1.000000e+00	7.000000e-01	0.000000e+00	9.987662e-01	9.973766e-01
4.117000e-08	1.000000e+00	3.000000e-01	0.000000e+00	1.009123e+00	1.017397e+00
4.120000e-08	1.000000e+00	0.000000e+00	0.000000e+00	1.021464e+00	8.689939e-01
4.120800e-08	1.000000e+00	0.000000e+00	0.000000e+00	1.021567e+00	6.110643e-01
4.122400e-08	1.000000e+00	0.000000e+00	0.000000e+00	1.017183e+00	1.481469e-01
4.125600e-08	1.000000e+00	0.000000e+00	0.000000e+00	1.005492e+00	-3.410155e-02
4.131208e-08	1.000000e+00	0.000000e+00	0.000000e+00	9.999042e-01	2.604253e-02
4.136708e-08	1.000000e+00	0.000000e+00	0.000000e+00	1.000368e+00	-1.860905e-02
4.147032e-08	1.000000e+00	0.000000e+00	0.000000e+00	1.000108e+00	1.603067e-02
4.166676e-08	1.000000e+00	0.000000e+00	0.000000e+00	9.999587e-01	-1.451440e-02
4.196481e-08	1.000000e+00	0.000000e+00	0.000000e+00	1.000054e+00	1.388268e-02
4.256092e-08	1.000000e+00	0.000000e+00	0.000000e+00	9.998952e-01	-1.334016e-02
4.365836e-08	1.000000e+00	0.000000e+00	0.000000e+00	1.000055e+00	1.328258e-02
4.510000e-08	1.000000e+00	0.000000e+00	0.000000e+00	9.998912e-01	-1.298872e-02
4.511000e-08	9.000000e-01	0.000000e+00	0.000000e+00	9.998616e-01	-3.660561e-03
4.513000e-08	7.000000e-01	0.000000e+00	0.000000e+00	9.998247e-01	1.554775e-03
4.517000e-08	3.000000e-01	0.000000e+00	0.000000e+00	9.999636e-01	-1.037549e-03
4.520000e-08	0.000000e+00	0.000000e+00	0.000000e+00	1.000055e+00	5.727407e-04
4.520800e-08	0.000000e+00	0.000000e+00	0.000000e+00	1.000196e+00	2.065928e-04
4.522400e-08	0.000000e+00	0.000000e+00	0.000000e+00	1.000173e+00	-6.094313e-05
4.525600e-08	0.000000e+00	0.000000e+00	0.000000e+00	9.999368e-01	3.807174e-05
4.532000e-08	0.000000e+00	0.000000e+00	0.000000e+00	9.999996e-01	-2.546568e-05
4.544800e-08	0.000000e+00	0.000000e+00	0.000000e+00	9.999580e-01	4.557765e-05
4.570400e-08	0.000000e+00	0.000000e+00	0.000000e+00	9.999908e-01	-3.899549e-05
4.600000e-08	0.000000e+00	0.000000e+00	0.000000e+00	9.999625e-01	4.000148e-05
4.601000e-08	0.000000e+00	1.000000e-01	0.000000e+00	1.000821e+00	8.793387e-04
4.603000e-08	0.000000e+00	3.000000e-01	0.000000e+00	1.000489e+00	9.353812e-04
4.607000e-08	0.000000e+00	7.000000e-01	0.000000e+00	9.885098e-01	-5.176433e-04
4.610000e-08	0.000000e+00	1.000000e+00	0.000000e+00	9.872797e-01	-1.252212e-02
4.610800e-08	0.000000e+00	1.000000e+00	0.000000e+00	9.883697e-01	-1.637576e-02
4.612400e-08	0.000000e+00	1.000000e+00	0.000000e+00	9.904972e-01	-8.801953e-03
4.615600e-08	0.000000e+00	1.000000e+00	0.000000e+00	9.931886e-01	2.597906e-01
4.622000e-08	0.000000e+00	1.000000e+00	0.000000e+00	9.955122e-01	9.616164e-01
4.630168e-08	0.000000e+00	1.000000e+00	0.000000e+00	9.981773e-01	1.013814e+00
4.642831e-08	0.000000e+00	1.000000e+00	0.000000e+00	1.000552e+00	9.876190e-01
4.658600e-08	0.000000e+00	1.000000e+00	0.000000e+00	9.996839e-01	1.010839e+00
4.685468e-08	0.000000e+00	1.000000e+00	0.000000e+00	1.000171e+00	9.897763e-01
4.739204e-08	0.000000e+00	1.000000e+00	0.000000e+00	9.998167e-01	1.009703e+00
4.846677e-08	0.000000e+00	1.000000e+00	0.000000e+00	1.000116e+00	9.903278e-01
5.000000e-08	0.000000e+00	1.000000e+00	0.000000e+00	9.998461e-01	1.009400e+00
5.001000e-08	0.000000e+00	1.000000e+00	1.000000e-01	1.000285e+00	1.003022e+00
5.003000e-08	0.000000e+00	1.000000e+00	3.000000e-01	1.000283e+00	9.988795e-01
5.007000e-08	0.000000e+00	1.000000e+00	7.000000e-01	9.984286e-01	9.989204e-01
5.010000e-08	0.000000e+00	1.000000e+00	1.000000e+00	1.005688e+00	1.025393e+00
5.010749e-08	0.000000e+00	1.000000e+00	1.000000e+00	1.009079e+00	1.020488e+00
5.012246e-08	0.000000e+00	1.000000e+00	1.000000e+00	1.014046e+00	8.400309e-01
5.015240e-08	0.000000e+00	1.000000e+00	1.000000e+00	1.020401e+00	8.015151e-02
5.019605e-08	0.000000e+00	1.000000e+00	1.000000e+00	1.053279e+00	-3.764672e-02
5.024435e-08	0.000000e+00	1.000000e+00	1.000000e+00	8.087688e-01	2.609218e-02
5.031691e-08	0.000000e+00	1.000000e+00	1.000000e+00	2.270133e-01	-1.982631e-02
5.041335e-08	0.000000e+00	1.000000e+00	1.000000e+00	-1.621855e-02	1.697642e-02
5.051368e-08	0.000000e+00	1.000000e+00	1.000000e+00	4.385869e-03	-1.413874e-02
5.071434e-08	0.000000e+00	1.000000e+00	1.000000e+00	-2.501698e-03	1.314070e-02
5.091027e-08	0.000000e+00	1.000000e+00	1.000000e+00	1.661711e-03	-1.192771e-02
5.110000e-08	0.000000e+00	1.000000e+00	1.000000e+00	-1.045805e-03	1.102003e-02
5.111000e-08	0.000000e+00	9.000000e-01	1.000000e+00	-1.589976e-03	3.046075e-03
5.113000e-08	0.000000e+00	7.000000e-01	1.000000e+00	-1.751551e-03	-1.609700e-03
5.117000e-08	0.000000e+00	3.000000e-01	1.000000e+00	1.061615e-03	1.011159e-03
5.120000e-08	0.000000e+00	6.550316e-14	1.000000e+00	-3.253001e-03	-4.317562e-04
5.120728e-08	0.000000e+00	0.000000e+00	1.000000e+00	-3.954356e-03	2.708972e-04
5.122184e-08	0.000000e+00	0.000000e+00	1.000000e+00	-5.168163e-03	3.295801e-04
5.125096e-08	0.000000e+00	0.000000e+00	1.000000e+00	-3.954320e-03	-1.905280e-04
5.130920e-08	0.000000e+00	0.000000e+00	1.000000e+00	-2.581494e-04	1.506146e-04
5.137871e-08	0.000000e+00	0.000000e+00	1.000000e+00	9.290906e-05	-1.200708e-04
5.151773e-08	0.000000e+00	0.000000e+00	1.000000e+00	-1.812512e-05	1.121027e-04
5.179576e-08	0.000000e+00	0.000000e+00	1.000000e+00	7.489934e-05	-1.030860e-04
5.235182e-08	0.000000e+00	0.000000e+00	1.000000e+00	-1.877343e-05	1.039129e-04
5.346395e-08	0.000000e+00	0.000000e+00	1.000000e+00	6.249532e-05	-9.915332e-05
5.506395e-08	0.000000e+00	0.000000e+00	1.000000e+00	-2.586349e-05	1.016999e-04
5.600000e-08	0.000000e+00	0.000000e+00	1.000000e+00	5.594561e-05	-9.670259e-05
5.601000e-08	0.000000e+00	1.000000e-01	1.000000e+00	1.284376e-03	3.975909e-04
5.603000e-08	0.000000e+00	3.000000e-01	1.000000e+00	2.088446e-03	1.844744e-04
5.607000e-08	0.000000e+00	7.000000e-01	1.000000e+00	5.000518e-04	-9.226400e-05
5.610000e-08	0.000000e+00	1.000000e+00	1.000000e+00	-1.451933e-03	-9.512848e-05
5.610800e-08	0.000000e+00	1.000000e+00	1.000000e+00	-2.431462e-03	-4.262707e-04
5.612400e-08	0.000000e+00	1.000000e+00	1.000000e+00	-2.731100e-03	-2.022912e-04
5.615600e-08	0.000000e+00	1.000000e+00	1.000000e+00	-7.721638e-04	1.422991e-04
5.622000e-08	0.000000e+00	1.000000e+00	1.000000e+00	3.593764e-04	-1.159732e-04
5.634800e-08	0.000000e+00	1.000000e+00	1.000000e+00	1.607010e-04	1.080149e-04
5.651695e-08	0.000000e+00	1.000000e+00	1.000000e+00	-3.616281e-06	-9.625866e-05
5.675079e-08	0.000000e+00	1.000000e+00	1.000000e+00	9.234059e-05	9.416825e-05
5.721845e-08	0.000000e+00	1.000000e+00	1.000000e+00	1.167505e-07	-8.803146e-05
5.815378e-08	0.000000e+00	1.000000e+00	1.000000e+00	5.551826e-05	9.016438e-05
5.975378e-08	0.000000e+00	1.000000e+00	1.000000e+00	-1.188155e-05	-8.596516e-05
6.010000e-08	0.000000e+00	1.000000e+00	1.000000e+00	3.796527e-05	8.597668e-05
6.011000e-08	0.000000e+00	1.000000e+00	9.000000e-01	-5.088918e-04	-3.786623e-05
6.013000e-08	0.000000e+00	1.000000e+00	7.000000e-01	-8.211590e-04	4.586791e-05
6.017000e-08	0.000000e+00	1.000000e+00	3.000000e-01	3.634822e-03	9.652684e-04
6.020000e-08	0.000000e+00	1.000000e+00	0.000000e+00	8.033324e-03	-7.936113e-04
6.020629e-08	0.000000e+00	1.000000e+00	0.000000e+00	7.776470e-03	-1.463095e-03
6.021886e-08	0.000000e+00	1.000000e+00	0.000000e+00	5.326744e-03	-1.330994e-03
6.024401e-08	0.000000e+00	1.000000e+00	0.000000e+00	5.759635e-04	4.835125e-04
6.029430e-08	0.000000e+00	1.000000e+00	0.000000e+00	2.537806e-04	4.704092e-05
6.035489e-08	0.000000e+00	1.000000e+00	0.000000e+00	3.965521e-04	-2.045698e-05
6.047607e-08	0.000000e+00	1.000000e+00	0.000000e+00	4.126047e-05	3.141097e-05
6.071843e-08	0.000000e+00	1.000000e+00	0.000000e+00	1.216638e-04	-3.226250e-05
6.110000e-08	0.000000e+00	1.000000e+00	0.000000e+00	-2.193864e-05	3.398447e-05
6.111000e-08	0.000000e+00	9.000000e-01	0.000000e+00	-8.741727e-04	-4.742626e-04
6.113000e-08	0.000000e+00	7.000000e-01	0.000000e+00	-1.481981e-03	-5.253840e-04
6.117000e-08	0.000000e+00	3.000000e-01	0.000000e+00	-8.500578e-04	2.274421e-04
6.120000e-08	0.000000e+00	6.550316e-14	0.000000e+00	-7.330978e-04	1.886607e-04
6.120800e-08	0.000000e+00	0.000000e+00	0.000000e+00	2.344214e-04	6.352338e-04
6.122400e-08	0.000000e+00	0.000000e+00	0.000000e+00	8.292644e-04	3.807681e-04
6.125600e-08	0.000000e+00	0.000000e+00	0.000000e+00	1.935784e-04	-2.124312e-04
6.132000e-08	0.000000e+00	0.000000e+00	0.000000e+00	1.038057e-04	1.684452e-04
6.144800e-08	0.000000e+00	0.000000e+00	0.000000e+00	1.753319e-05	-1.447300e-04
6.170400e-08	0.000000e+00	0.000000e+00	0.000000e+00	7.955387e-05	1.392270e-04
6.221600e-08	0.000000e+00	0.000000e+00	0.000000e+00	9.374119e-06	-1.314042e-04
6.324000e-08	0.000000e+00	0.000000e+00	0.000000e+00	5.706814e-05	1.327980e-04
6.484000e-08	0.000000e+00	0.000000e+00	0.000000e+00	-8.488515e-06	-1.279966e-04
6.600000e-08	0.000000e+00	0.000000e+00	0.000000e+00	4.481595e-05	1.296513e-04
6.601000e-08	0.000000e+00	1.000000e-01	0.000000e+00	1.210283e-03	6.101636e-04
6.603000e-08	0.000000e+00	3.000000e-01	0.000000e+00	1.834523e-03	3.306871e-04
6.607000e-08	0.000000e+00	7.000000e-01	0.000000e+00	3.331571e-04	8.696207e-07
6.610000e-08	0.000000e+00	1.000000e+00	0.000000e+00	-5.230102e-04	-1.475540e-04
6.610800e-08	0.000000e+00	1.000000e+00	0.000000e+00	-1.376335e-03	-6.841543e-04
6.612400e-08	0.000000e+00	1.000000e+00	0.000000e+00	-1.719439e-03	-5.085448e-04
6.615600e-08	0.000000e+00	1.000000e+00	0.000000e+00	-5.362043e-04	1.846812e-04
6.622000e-08	0.000000e+00	1.000000e+00	0.000000e+00	-1.782659e-05	-1.313847e-04
6.634800e-08	0.000000e+00	1.000000e+00	0.000000e+00	2.804784e-05	1.152481e-04
6.660400e-08	0.000000e+00	1.000000e+00	0.000000e+00	-7.112135e-06	-1.037288e-04
6.711600e-08	0.000000e+00	1.000000e+00	0.000000e+00	2.397531e-05	1.034533e-04
6.814000e-08	0.000000e+00	1.000000e+00	0.000000e+00	-6.720302e-06	-1.054345e-04
6.974000e-08	0.000000e+00	1.000000e+00	0.000000e+00	2.206348e-05	1.076583e-04
7.000000e-08	0.000000e+00	1.000000e+00	0.000000e+00	-7.007369e-06	-8.905164e-05
7.001000e-08	0.000000e+00	1.000000e+00	1.000000e-01	6.304203e-04	1.529060e-04
7.003000e-08	0.000000e+00	1.000000e+00	3.000000e-01	7.909883e-04	-9.505779e-05
7.007000e-08	0.000000e+00	1.000000e+00	7.000000e-01	-2.246903e-03	-1.003121e-03
7.010000e-08	0.000000e+00	1.000000e+00	1.000000e+00	-3.407639e-03	-3.122835e-05
7.010730e-08	0.000000e+00	1.000000e+00	1.000000e+00	-3.095275e-03	7.676617e-04
7.012190e-08	0.000000e+00	1.000000e+00	1.000000e+00	-2.203357e-03	1.243285e-03
7.015110e-08	0.000000e+00	1.000000e+00	1.000000e+00	-5.131632e-04	2.027534e-06
7.020949e-08	0.000000e+00	1.000000e+00	1.000000e+00	5.105254e-04	-7.353033e-05
7.027919e-08	0.000000e+00	1.000000e+00	1.000000e+00	2.774128e-04	9.153101e-05
7.041860e-08	0.000000e+00	1.000000e+00	1.000000e+00	6.083046e-05	-8.792947e-05
7.059684e-08	0.000000e+00	1.000000e+00	1.000000e+00	1.900300e-05	8.919731e-05
7.090677e-08	0.000000e+00	1.000000e+00	1.000000e+00	5.647466e-05	-8.399065e-05
7.110000e-08	0.000000e+00	1.000000e+00	1.000000e+00	7.697965e-06	8.405019e-05
7.111000e-08	0.000000e+00	9.000000e-01	1.000000e+00	-1.021367e-03	-2.969420e-04
7.113000e-08	0.000000e+00	7.000000e-01	1.000000e+00	-1.688584e-03	-2.883329e-04
7.117000e-08	0.000000e+00	3.000000e-01	1.000000e+00	1.281862e-03	1.383528e-04
7.120000e-08	0.000000e+00	6.550316e-14	1.000000e+00	2.764868e-03	5.833025e-05
7.120724e-08	0.000000e+00	0.000000e+00	1.000000e+00	2.515496e-03	4.292750e-04
7.122173e-08	0.000000e+00	0.000000e+00	1.000000e+00	-1.348820e-05	2.697360e-04
7.125070e-08	0.000000e+00	0.000000e+00	1.000000e+00	-2.232862e-03	-1.532760e-04
7.130865e-08	0.000000e+00	0.000000e+00	1.000000e+00	-8.757957e-05	1.272585e-04
7.137959e-08	0.000000e+00	0.000000e+00	1.000000e+00	1.261023e-05	-1.032962e-04
7.152148e-08	0.000000e+00	0.000000e+00	1.000000e+00	2.615747e-05	9.805663e-05
7.180527e-08	0.000000e+00	0.000000e+00	1.000000e+00	5.912752e-06	-9.041856e-05
7.237284e-08	0.000000e+00	0.000000e+00	1.000000e+00	1.943828e-05	9.224205e-05
7.350798e-08	0.000000e+00	0.000000e+00	1.000000e+00	8.641534e-07	-8.739963e-05
7.510798e-08	0.000000e+00	0.000000e+00	1.000000e+00	1.563038e-05	9.013000e-05
7.600000e-08	0.000000e+00	0.000000e+00	1.000000e+00	-8.963853e-08	-8.538490e-05
7.601000e-08	0.000000e+00	1.000000e-01	1.000000e+00	1.240186e-03	4.018895e-04
7.603000e-08	0.000000e+00	3.000000e-01	1.000000e+00	1.950852e-03	1.819257e-04
7.607000e-08	0.000000e+00	7.000000e-01	1.000000e+00	8.915835e-05	-8.949104e-05
7.610000e-08	0.000000e+00	1.000000e+00	1.000000e+00	-1.730287e-03	-9.609719e-05
7.610800e-08	0.000000e+00	1.000000e+00	1.000000e+00	-2.644364e-03	-4.265557e-04
7.612400e-08	0.000000e+00	1.000000e+00	1.000000e+00	-2.856698e-03	-2.025831e-04
7.615600e-08	0.000000e+00	1.000000e+00	1.000000e+00	-8.253779e-04	1.424338e-04
7.622000e-08	0.000000e+00	1.000000e+00	1.000000e+00	3.508326e-04	-1.161834e-04
7.634800e-08	0.000000e+00	1.000000e+00	1.000000e+00	1.543440e-04	1.085575e-04
7.651696e-08	0.000000e+00	1.000000e+00	1.000000e+00	-1.370269e-05	-9.726054e-05
7.675079e-08	0.000000e+00	1.000000e+00	1.000000e+00	8.496713e-05	9.541370e-05
7.721845e-08	0.000000e+00	1.000000e+00	1.000000e+00	-8.771425e-06	-8.939739e-05
7.815378e-08	0.000000e+00	1.000000e+00	1.000000e+00	4.907888e-05	9.158344e-05
7.975378e-08	0.000000e+00	1.000000e+00	1.000000e+00	-1.914661e-05	-8.742119e-05
8.000000e-08	0.000000e+00	1.000000e+00	1.000000e+00	2.976906e-05	8.624887e-05
