time (time)	v(in) (voltage)	v(sel) (voltage)	v(rw) (voltage)	v(yyyy_latch) (voltage)	v(yyyy_cell) (voltage)
0.000000e+00	0.000000e+00	0.000000e+00	0.000000e+00	4.409732e-01	2.794768e-06
1.000000e-12	0.000000e+00	0.000000e+00	0.000000e+00	4.409916e-01	2.782161e-06
2.000000e-12	0.000000e+00	0.000000e+00	0.000000e+00	4.409974e-01	2.996515e-06
4.000000e-12	0.000000e+00	0.000000e+00	0.000000e+00	4.410063e-01	3.200381e-06
8.000000e-12	0.000000e+00	0.000000e+00	0.000000e+00	4.409919e-01	2.963847e-06
1.600000e-11	0.000000e+00	0.000000e+00	0.000000e+00	4.409972e-01	2.882974e-06
3.200000e-11	0.000000e+00	0.000000e+00	0.000000e+00	4.409851e-01	2.712475e-06
6.400000e-11	0.000000e+00	0.000000e+00	0.000000e+00	4.410019e-01	2.709744e-06
1.280000e-10	0.000000e+00	0.000000e+00	0.000000e+00	4.409763e-01	2.574080e-06
2.560000e-10	0.000000e+00	0.000000e+00	0.000000e+00	4.409829e-01	2.807758e-06
5.120000e-10	0.000000e+00	0.000000e+00	0.000000e+00	4.408818e-01	2.695525e-06
1.024000e-09	0.000000e+00	0.000000e+00	0.000000e+00	4.411831e-01	2.948391e-06
2.048000e-09	0.000000e+00	0.000000e+00	0.000000e+00	4.406822e-01	2.554201e-06
3.648000e-09	0.000000e+00	0.000000e+00	0.000000e+00	4.413828e-01	3.091170e-06
5.248000e-09	0.000000e+00	0.000000e+00	0.000000e+00	4.403492e-01	2.405474e-06
6.848000e-09	0.000000e+00	0.000000e+00	0.000000e+00	4.419352e-01	3.309259e-06
8.448000e-09	0.000000e+00	0.000000e+00	0.000000e+00	4.394734e-01	2.083835e-06
1.000000e-08	0.000000e+00	0.000000e+00	0.000000e+00	4.433538e-01	3.799496e-06
1.001000e-08	0.000000e+00	0.000000e+00	1.000000e-01	4.437186e-01	2.082254e-05
1.003000e-08	0.000000e+00	0.000000e+00	3.000000e-01	4.443681e-01	3.305355e-05
1.007000e-08	0.000000e+00	0.000000e+00	7.000000e-01	4.453628e-01	-6.303487e-05
1.010000e-08	0.000000e+00	0.000000e+00	1.000000e+00	4.455554e-01	-4.763904e-04
1.010800e-08	0.000000e+00	0.000000e+00	1.000000e+00	4.454642e-01	-6.441315e-04
1.012400e-08	0.000000e+00	0.000000e+00	1.000000e+00	4.453619e-01	-8.898564e-04
1.015600e-08	0.000000e+00	0.000000e+00	1.000000e+00	4.455536e-01	-7.890749e-04
1.020000e-08	0.000000e+00	0.000000e+00	1.000000e+00	4.470401e-01	-1.423821e-04
1.020640e-08	0.000000e+00	0.000000e+00	1.000000e+00	4.473197e-01	-5.867442e-05
1.021920e-08	0.000000e+00	0.000000e+00	1.000000e+00	4.478593e-01	8.600398e-05
1.024480e-08	0.000000e+00	0.000000e+00	1.000000e+00	4.491695e-01	2.998297e-04
1.029600e-08	0.000000e+00	0.000000e+00	1.000000e+00	4.522728e-01	4.071509e-04
1.039840e-08	0.000000e+00	0.000000e+00	1.000000e+00	4.621189e-01	2.438336e-04
1.060320e-08	0.000000e+00	0.000000e+00	1.000000e+00	5.164317e-01	2.469035e-06
1.101280e-08	0.000000e+00	0.000000e+00	1.000000e+00	7.615877e-01	2.652920e-05
1.183200e-08	0.000000e+00	0.000000e+00	1.000000e+00	1.024703e+00	-4.914649e-05
1.304557e-08	0.000000e+00	0.000000e+00	1.000000e+00	9.853606e-01	5.573624e-05
1.464557e-08	0.000000e+00	0.000000e+00	1.000000e+00	1.008504e+00	-4.947409e-05
1.500000e-08	0.000000e+00	0.000000e+00	1.000000e+00	9.998860e-01	4.445276e-05
1.501000e-08	0.000000e+00	1.000000e-01	1.000000e+00	1.000166e+00	4.130242e-04
1.503000e-08	0.000000e+00	3.000000e-01	1.000000e+00	1.000335e+00	9.326230e-04
1.507000e-08	0.000000e+00	7.000000e-01	1.000000e+00	9.946151e-01	1.270310e-03
1.510000e-08	0.000000e+00	1.000000e+00	1.000000e+00	9.843088e-01	9.485974e-04
1.510800e-08	0.000000e+00	1.000000e+00	1.000000e+00	9.815751e-01	6.365568e-04
1.512400e-08	0.000000e+00	1.000000e+00	1.000000e+00	9.772828e-01	1.508747e-04
1.515600e-08	0.000000e+00	1.000000e+00	1.000000e+00	9.730768e-01	-4.156939e-04
1.522000e-08	0.000000e+00	1.000000e+00	1.000000e+00	9.720106e-01	-4.529113e-04
1.534800e-08	0.000000e+00	1.000000e+00	1.000000e+00	9.818305e-01	-1.983777e-04
1.560400e-08	0.000000e+00	1.000000e+00	1.000000e+00	1.009869e+00	-2.722520e-05
1.611600e-08	0.000000e+00	1.000000e+00	1.000000e+00	6.497419e-01	-5.179793e-05
1.677718e-08	0.000000e+00	1.000000e+00	1.000000e+00	2.601863e-02	3.567586e-05
1.779623e-08	0.000000e+00	1.000000e+00	1.000000e+00	-1.510350e-02	3.911946e-05
1.918157e-08	0.000000e+00	1.000000e+00	1.000000e+00	1.122187e-02	-6.198532e-05
2.010000e-08	0.000000e+00	1.000000e+00	1.000000e+00	-7.036963e-03	8.979773e-05
2.011000e-08	0.000000e+00	9.000000e-01	9.000000e-01	-6.222664e-03	-1.032998e-04
2.013000e-08	0.000000e+00	7.000000e-01	7.000000e-01	-5.590389e-03	-6.179129e-04
2.017000e-08	0.000000e+00	3.000000e-01	3.000000e-01	-5.957796e-03	-9.558386e-04
2.020000e-08	0.000000e+00	0.000000e+00	0.000000e+00	-5.715264e-03	-5.424382e-04
2.020800e-08	0.000000e+00	0.000000e+00	0.000000e+00	-4.782635e-03	-1.245415e-04
2.022400e-08	0.000000e+00	0.000000e+00	0.000000e+00	-3.129878e-03	4.445007e-04
2.025600e-08	0.000000e+00	0.000000e+00	0.000000e+00	-8.804114e-04	6.765261e-04
2.032000e-08	0.000000e+00	0.000000e+00	0.000000e+00	3.055776e-04	-2.077397e-04
2.044800e-08	0.000000e+00	0.000000e+00	0.000000e+00	-6.387797e-04	-1.277590e-03
2.070400e-08	0.000000e+00	0.000000e+00	0.000000e+00	1.242330e-04	6.354707e-04
2.112902e-08	0.000000e+00	0.000000e+00	0.000000e+00	1.387797e-03	3.432416e-04
2.172631e-08	0.000000e+00	0.000000e+00	0.000000e+00	-5.049712e-04	-3.370683e-04
2.292090e-08	0.000000e+00	0.000000e+00	0.000000e+00	4.866273e-04	3.299235e-04
2.452090e-08	0.000000e+00	0.000000e+00	0.000000e+00	-3.059831e-04	-3.085051e-04
2.500000e-08	0.000000e+00	0.000000e+00	0.000000e+00	2.244283e-04	2.594237e-04
2.501000e-08	0.000000e+00	1.000000e-01	0.000000e+00	5.724684e-04	5.775119e-04
2.503000e-08	0.000000e+00	3.000000e-01	0.000000e+00	1.773304e-03	1.021163e-03
2.507000e-08	0.000000e+00	7.000000e-01	0.000000e+00	3.293490e-03	1.281793e-03
2.510000e-08	0.000000e+00	1.000000e+00	0.000000e+00	3.495606e-03	9.650330e-04
2.510800e-08	0.000000e+00	1.000000e+00	0.000000e+00	3.068618e-03	6.514251e-04
2.512400e-08	0.000000e+00	1.000000e+00	0.000000e+00	2.312529e-03	1.607223e-04
2.515600e-08	0.000000e+00	1.000000e+00	0.000000e+00	1.173185e-03	-4.128772e-04
2.522000e-08	0.000000e+00	1.000000e+00	0.000000e+00	-2.149892e-05	-4.646338e-04
2.534800e-08	0.000000e+00	1.000000e+00	0.000000e+00	-6.189475e-04	-2.103077e-04
2.560400e-08	0.000000e+00	1.000000e+00	0.000000e+00	-3.754253e-04	-2.393849e-05
2.611600e-08	0.000000e+00	1.000000e+00	0.000000e+00	-1.920210e-05	7.895640e-06
2.705820e-08	0.000000e+00	1.000000e+00	0.000000e+00	3.119222e-05	6.566070e-07
2.865820e-08	0.000000e+00	1.000000e+00	0.000000e+00	7.052315e-06	4.575261e-06
3.000000e-08	0.000000e+00	1.000000e+00	3.308722e-14	2.075317e-05	2.018574e-06
3.001000e-08	0.000000e+00	1.000000e+00	1.000000e-01	2.935853e-04	2.249812e-05
3.003000e-08	0.000000e+00	1.000000e+00	3.000000e-01	6.876656e-04	3.482742e-05
3.007000e-08	0.000000e+00	1.000000e+00	7.000000e-01	7.188124e-04	-7.922723e-05
3.010000e-08	0.000000e+00	1.000000e+00	1.000000e+00	-1.658120e-06	-5.378191e-04
3.010800e-08	0.000000e+00	9.200000e-01	1.000000e+00	-7.271724e-04	-8.258346e-04
3.012400e-08	0.000000e+00	7.600000e-01	1.000000e+00	-1.989412e-03	-1.394413e-03
3.015600e-08	0.000000e+00	4.400000e-01	1.000000e+00	-4.126308e-03	-1.792289e-03
3.020000e-08	0.000000e+00	0.000000e+00	1.000000e+00	-5.411314e-03	-8.699537e-04
3.020640e-08	0.000000e+00	0.000000e+00	1.000000e+00	-4.975762e-03	-4.632414e-04
3.021920e-08	0.000000e+00	0.000000e+00	1.000000e+00	-4.373941e-03	1.854303e-04
3.024480e-08	0.000000e+00	0.000000e+00	1.000000e+00	-2.955900e-03	8.207131e-04
3.029600e-08	0.000000e+00	0.000000e+00	1.000000e+00	-1.072849e-03	9.588656e-04
3.039840e-08	0.000000e+00	0.000000e+00	1.000000e+00	5.205067e-04	3.576083e-04
3.060320e-08	0.000000e+00	0.000000e+00	1.000000e+00	7.148618e-04	-6.912772e-05
3.101280e-08	0.000000e+00	0.000000e+00	1.000000e+00	3.693635e-05	3.941485e-05
3.177025e-08	0.000000e+00	0.000000e+00	1.000000e+00	3.918997e-05	-2.370384e-05
3.328514e-08	0.000000e+00	0.000000e+00	1.000000e+00	3.832553e-05	2.527764e-05
3.488514e-08	0.000000e+00	0.000000e+00	1.000000e+00	1.465847e-05	-1.646149e-05
3.500000e-08	0.000000e+00	0.000000e+00	1.000000e+00	2.121761e-05	2.363381e-06
3.501000e-08	1.000000e-01	1.000000e-01	1.000000e+00	9.025177e-04	3.373109e-04
3.503000e-08	3.000000e-01	3.000000e-01	1.000000e+00	2.336763e-03	7.973271e-04
3.507000e-08	7.000000e-01	7.000000e-01	1.000000e+00	4.979843e-03	9.858554e-04
3.510000e-08	1.000000e+00	1.000000e+00	1.000000e+00	5.864536e-03	5.964435e-04
3.510800e-08	1.000000e+00	1.000000e+00	1.000000e+00	5.202560e-03	3.071658e-04
3.512400e-08	1.000000e+00	1.000000e+00	1.000000e+00	3.799606e-03	-1.366334e-04
3.515600e-08	1.000000e+00	1.000000e+00	1.000000e+00	7.135170e-04	-5.780932e-04
3.522000e-08	1.000000e+00	1.000000e+00	1.000000e+00	-5.213487e-03	-4.306088e-04
3.534800e-08	1.000000e+00	1.000000e+00	1.000000e+00	-1.250926e-02	-7.138323e-05
3.560400e-08	1.000000e+00	1.000000e+00	1.000000e+00	3.897628e-02	4.703511e-05
3.611600e-08	1.000000e+00	1.000000e+00	1.000000e+00	5.667696e-01	6.945984e-05
3.697434e-08	1.000000e+00	1.000000e+00	1.000000e+00	1.021485e+00	-1.357387e-04
3.787064e-08	1.000000e+00	1.000000e+00	1.000000e+00	9.827949e-01	1.303040e-04
3.947064e-08	1.000000e+00	1.000000e+00	1.000000e+00	1.015451e+00	-1.142965e-04
4.010000e-08	1.000000e+00	1.000000e+00	1.000000e+00	9.897586e-01	9.505688e-05
4.011000e-08	1.000000e+00	9.000000e-01	9.000000e-01	9.902706e-01	-1.027021e-04
4.013000e-08	1.000000e+00	7.000000e-01	7.000000e-01	9.912006e-01	-6.839155e-04
4.017000e-08	1.000000e+00	3.000000e-01	3.000000e-01	9.939995e-01	-1.156050e-03
4.020000e-08	1.000000e+00	0.000000e+00	0.000000e+00	9.985344e-01	-7.468511e-04
4.020800e-08	1.000000e+00	0.000000e+00	0.000000e+00	1.000450e+00	-2.782449e-04
4.022400e-08	1.000000e+00	0.000000e+00	0.000000e+00	1.003961e+00	3.838164e-04
4.025600e-08	1.000000e+00	0.000000e+00	0.000000e+00	1.007297e+00	6.828897e-04
4.032000e-08	1.000000e+00	0.000000e+00	0.000000e+00	9.984017e-01	-5.577219e-04
4.044800e-08	1.000000e+00	0.000000e+00	0.000000e+00	9.583010e-01	-3.270894e-03
4.070400e-08	1.000000e+00	0.000000e+00	0.000000e+00	9.420802e-01	1.571329e-04
4.120317e-08	1.000000e+00	0.000000e+00	0.000000e+00	1.000240e+00	2.198416e-03
4.191294e-08	1.000000e+00	0.000000e+00	0.000000e+00	9.986156e-01	-1.031113e-03
4.310399e-08	1.000000e+00	0.000000e+00	0.000000e+00	9.995993e-01	8.156576e-04
4.470399e-08	1.000000e+00	0.000000e+00	0.000000e+00	9.994460e-01	-6.644490e-04
4.500000e-08	1.000000e+00	0.000000e+00	0.000000e+00	9.996088e-01	3.131002e-04
4.501000e-08	1.000000e+00	1.000000e-01	0.000000e+00	9.998497e-01	6.645579e-04
4.503000e-08	1.000000e+00	3.000000e-01	0.000000e+00	9.999846e-01	1.191743e-03
4.507000e-08	1.000000e+00	7.000000e-01	0.000000e+00	9.939812e-01	1.695935e-03
4.510000e-08	1.000000e+00	1.000000e+00	0.000000e+00	9.815640e-01	1.815009e-03
4.510800e-08	9.200000e-01	1.000000e+00	0.000000e+00	9.782490e-01	1.444817e-03
4.512400e-08	7.600000e-01	1.000000e+00	0.000000e+00	9.732708e-01	8.120066e-04
4.515600e-08	4.400000e-01	1.000000e+00	0.000000e+00	9.696929e-01	-2.752009e-04
4.520000e-08	0.000000e+00	1.000000e+00	0.000000e+00	9.708928e-01	-2.148165e-03
4.520640e-08	0.000000e+00	1.000000e+00	0.000000e+00	9.714557e-01	-2.458551e-03
4.521920e-08	0.000000e+00	1.000000e+00	0.000000e+00	9.726047e-01	-3.087197e-03
4.524480e-08	0.000000e+00	1.000000e+00	0.000000e+00	9.750616e-01	-4.521977e-03
4.529600e-08	0.000000e+00	1.000000e+00	0.000000e+00	9.800256e-01	-6.409588e-03
4.539840e-08	0.000000e+00	1.000000e+00	0.000000e+00	9.879010e-01	-5.444577e-03
4.560320e-08	0.000000e+00	1.000000e+00	0.000000e+00	9.936142e-01	6.606158e-02
4.601280e-08	0.000000e+00	1.000000e+00	0.000000e+00	9.939836e-01	7.693680e-01
4.683200e-08	0.000000e+00	1.000000e+00	0.000000e+00	9.996796e-01	1.094268e+00
4.759532e-08	0.000000e+00	1.000000e+00	0.000000e+00	9.999286e-01	9.335463e-01
4.912195e-08	0.000000e+00	1.000000e+00	0.000000e+00	9.995249e-01	1.050406e+00
5.000000e-08	0.000000e+00	1.000000e+00	0.000000e+00	9.998501e-01	9.636191e-01
5.001000e-08	0.000000e+00	1.000000e+00	1.000000e-01	9.999649e-01	9.676065e-01
5.003000e-08	0.000000e+00	1.000000e+00	3.000000e-01	1.000135e+00	9.746720e-01
5.007000e-08	0.000000e+00	1.000000e+00	7.000000e-01	9.999843e-01	9.842111e-01
5.010000e-08	0.000000e+00	1.000000e+00	1.000000e+00	9.990556e-01	9.879478e-01
5.010800e-08	0.000000e+00	9.200000e-01	1.000000e+00	9.983805e-01	9.885232e-01
5.012400e-08	0.000000e+00	7.600000e-01	1.000000e+00	9.971973e-01	9.897975e-01
5.015600e-08	0.000000e+00	4.400000e-01	1.000000e+00	9.958119e-01	9.938397e-01
5.020000e-08	0.000000e+00	0.000000e+00	1.000000e+00	9.955577e-01	1.005424e+00
5.020640e-08	0.000000e+00	0.000000e+00	1.000000e+00	9.959325e-01	1.007760e+00
5.021920e-08	0.000000e+00	0.000000e+00	1.000000e+00	9.966985e-01	1.011960e+00
5.024480e-08	0.000000e+00	0.000000e+00	1.000000e+00	9.980894e-01	1.015224e+00
5.029600e-08	0.000000e+00	0.000000e+00	1.000000e+00	1.000343e+00	9.795488e-01
5.039840e-08	0.000000e+00	0.000000e+00	1.000000e+00	1.002562e+00	5.476364e-01
5.060320e-08	0.000000e+00	0.000000e+00	1.000000e+00	1.001838e+00	-1.677948e-02
5.085720e-08	0.000000e+00	0.000000e+00	1.000000e+00	1.000186e+00	9.996815e-03
5.136520e-08	0.000000e+00	0.000000e+00	1.000000e+00	9.997240e-01	-7.567762e-03
5.183061e-08	0.000000e+00	0.000000e+00	1.000000e+00	9.998704e-01	5.638380e-03
5.276145e-08	0.000000e+00	0.000000e+00	1.000000e+00	9.998461e-01	-4.816378e-03
5.436145e-08	0.000000e+00	0.000000e+00	1.000000e+00	9.998789e-01	4.395729e-03
5.500000e-08	0.000000e+00	0.000000e+00	1.000000e+00	9.998630e-01	-3.506831e-03
5.501000e-08	0.000000e+00	1.000000e-01	1.000000e+00	1.000324e+00	-2.329789e-03
5.503000e-08	0.000000e+00	3.000000e-01	1.000000e+00	1.001513e+00	-5.228448e-04
5.507000e-08	0.000000e+00	7.000000e-01	1.000000e+00	1.003406e+00	8.783699e-04
5.510000e-08	0.000000e+00	1.000000e+00	1.000000e+00	1.003865e+00	8.074517e-04
5.510800e-08	0.000000e+00	1.000000e+00	1.000000e+00	1.003453e+00	5.261698e-04
5.512400e-08	0.000000e+00	1.000000e+00	1.000000e+00	1.002710e+00	8.108676e-05
5.515600e-08	0.000000e+00	1.000000e+00	1.000000e+00	1.001623e+00	-4.263287e-04
5.522000e-08	0.000000e+00	1.000000e+00	1.000000e+00	1.000762e+00	-4.566563e-04
5.534800e-08	0.000000e+00	1.000000e+00	1.000000e+00	1.002763e+00	-2.041792e-04
5.560400e-08	0.000000e+00	1.000000e+00	1.000000e+00	1.015931e+00	-2.422426e-05
5.611600e-08	0.000000e+00	1.000000e+00	1.000000e+00	6.364883e-01	-5.368274e-05
5.702295e-08	0.000000e+00	1.000000e+00	1.000000e+00	-4.312290e-02	5.687417e-05
5.792016e-08	0.000000e+00	1.000000e+00	1.000000e+00	2.026224e-02	1.518558e-05
5.952016e-08	0.000000e+00	1.000000e+00	1.000000e+00	-1.140225e-02	-3.592470e-05
6.010000e-08	0.000000e+00	1.000000e+00	1.000000e+00	1.369802e-03	8.288187e-05
6.011000e-08	0.000000e+00	9.000000e-01	9.000000e-01	1.484826e-03	-1.125690e-04
6.013000e-08	0.000000e+00	7.000000e-01	7.000000e-01	1.067420e-03	-6.259222e-04
6.017000e-08	0.000000e+00	3.000000e-01	3.000000e-01	-7.949948e-04	-9.602603e-04
6.020000e-08	0.000000e+00	6.550316e-14	0.000000e+00	-1.544451e-03	-5.438949e-04
6.020800e-08	0.000000e+00	0.000000e+00	0.000000e+00	-8.002689e-04	-1.248221e-04
6.022400e-08	0.000000e+00	0.000000e+00	0.000000e+00	4.596820e-04	4.472207e-04
6.025600e-08	0.000000e+00	0.000000e+00	0.000000e+00	2.008731e-03	6.894476e-04
6.032000e-08	0.000000e+00	0.000000e+00	0.000000e+00	2.187996e-03	-1.829250e-04
6.044800e-08	0.000000e+00	0.000000e+00	0.000000e+00	1.317887e-04	-1.255464e-03
6.070400e-08	0.000000e+00	0.000000e+00	0.000000e+00	1.710445e-04	6.086046e-04
6.112650e-08	0.000000e+00	0.000000e+00	0.000000e+00	1.394757e-03	3.624357e-04
6.172341e-08	0.000000e+00	0.000000e+00	0.000000e+00	-5.046251e-04	-3.486357e-04
6.291723e-08	0.000000e+00	0.000000e+00	0.000000e+00	4.884052e-04	3.394466e-04
6.451723e-08	0.000000e+00	0.000000e+00	0.000000e+00	-3.065072e-04	-3.167307e-04
6.500000e-08	0.000000e+00	0.000000e+00	0.000000e+00	2.265896e-04	2.651447e-04
6.501000e-08	0.000000e+00	1.000000e-01	0.000000e+00	7.043635e-04	5.825984e-04
6.503000e-08	0.000000e+00	3.000000e-01	0.000000e+00	1.883940e-03	1.024071e-03
6.507000e-08	0.000000e+00	7.000000e-01	0.000000e+00	3.377408e-03	1.282680e-03
6.510000e-08	0.000000e+00	1.000000e+00	0.000000e+00	3.567601e-03	9.654087e-04
6.510800e-08	0.000000e+00	1.000000e+00	0.000000e+00	3.138233e-03	6.517483e-04
6.512400e-08	0.000000e+00	1.000000e+00	0.000000e+00	2.376011e-03	1.609404e-04
6.515600e-08	0.000000e+00	1.000000e+00	0.000000e+00	1.225299e-03	-4.127875e-04
6.522000e-08	0.000000e+00	1.000000e+00	0.000000e+00	1.877261e-05	-4.645850e-04
6.534800e-08	0.000000e+00	1.000000e+00	0.000000e+00	-6.001300e-04	-2.102876e-04
6.560400e-08	0.000000e+00	1.000000e+00	0.000000e+00	-3.749703e-04	-2.391798e-05
6.611600e-08	0.000000e+00	1.000000e+00	0.000000e+00	-2.083791e-05	7.903389e-06
6.705817e-08	0.000000e+00	1.000000e+00	0.000000e+00	3.086212e-05	6.537204e-07
6.865817e-08	0.000000e+00	1.000000e+00	0.000000e+00	6.774750e-06	4.580993e-06
7.000000e-08	0.000000e+00	1.000000e+00	0.000000e+00	2.066308e-05	2.014985e-06
7.001000e-08	0.000000e+00	1.000000e+00	1.000000e-01	2.941416e-04	2.298525e-05
7.003000e-08	0.000000e+00	1.000000e+00	3.000000e-01	6.877721e-04	3.492885e-05
7.007000e-08	0.000000e+00	1.000000e+00	7.000000e-01	7.194978e-04	-7.927245e-05
7.010000e-08	0.000000e+00	1.000000e+00	1.000000e+00	-5.347916e-07	-5.374863e-04
7.010800e-08	0.000000e+00	9.200000e-01	1.000000e+00	-7.262070e-04	-8.255540e-04
7.012400e-08	0.000000e+00	7.600000e-01	1.000000e+00	-1.988923e-03	-1.394380e-03
7.015600e-08	0.000000e+00	4.400000e-01	1.000000e+00	-4.126547e-03	-1.792633e-03
7.020000e-08	0.000000e+00	6.550316e-14	1.000000e+00	-5.412156e-03	-8.702821e-04
7.020640e-08	0.000000e+00	0.000000e+00	1.000000e+00	-4.976654e-03	-4.635333e-04
7.021920e-08	0.000000e+00	0.000000e+00	1.000000e+00	-4.374925e-03	1.852229e-04
7.024480e-08	0.000000e+00	0.000000e+00	1.000000e+00	-2.956964e-03	8.206212e-04
7.029600e-08	0.000000e+00	0.000000e+00	1.000000e+00	-1.073882e-03	9.589100e-04
7.039840e-08	0.000000e+00	0.000000e+00	1.000000e+00	5.197725e-04	3.576764e-04
7.060320e-08	0.000000e+00	0.000000e+00	1.000000e+00	7.145992e-04	-6.913727e-05
7.101280e-08	0.000000e+00	0.000000e+00	1.000000e+00	3.695530e-05	3.941826e-05
7.177025e-08	0.000000e+00	0.000000e+00	1.000000e+00	3.918437e-05	-2.370587e-05
7.328515e-08	0.000000e+00	0.000000e+00	1.000000e+00	3.832747e-05	2.527911e-05
7.488515e-08	0.000000e+00	0.000000e+00	1.000000e+00	1.465508e-05	-1.646251e-05
7.500000e-08	0.000000e+00	0.000000e+00	1.000000e+00	2.120037e-05	2.361568e-06
7.501000e-08	0.000000e+00	1.000000e-01	1.000000e+00	6.523091e-04	3.364652e-04
7.503000e-08	0.000000e+00	3.000000e-01	1.000000e+00	1.693165e-03	7.957108e-04
7.507000e-08	0.000000e+00	7.000000e-01	1.000000e+00	3.309674e-03	9.832093e-04
7.510000e-08	0.000000e+00	1.000000e+00	1.000000e+00	3.517562e-03	5.938538e-04
7.510800e-08	0.000000e+00	1.000000e+00	1.000000e+00	3.075577e-03	3.063508e-04
7.512400e-08	0.000000e+00	1.000000e+00	1.000000e+00	2.268881e-03	-1.340649e-04
7.515600e-08	0.000000e+00	1.000000e+00	1.000000e+00	9.894861e-04	-5.708457e-04
7.522000e-08	0.000000e+00	1.000000e+00	1.000000e+00	-8.687969e-04	-4.231033e-04
7.534800e-08	0.000000e+00	1.000000e+00	1.000000e+00	-1.379318e-03	-7.149159e-05
7.560400e-08	0.000000e+00	1.000000e+00	1.000000e+00	-5.582911e-04	1.648284e-05
7.611600e-08	0.000000e+00	1.000000e+00	1.000000e+00	2.475696e-04	-4.790989e-06
7.711824e-08	0.000000e+00	1.000000e+00	1.000000e+00	-1.357918e-05	8.221318e-06
7.871824e-08	0.000000e+00	1.000000e+00	1.000000e+00	2.124110e-05	-1.630392e-06
8.000000e-08	0.000000e+00	1.000000e+00	1.000000e+00	2.027677e-05	6.250629e-06
