time (time)	v(in) (voltage)	v(sel) (voltage)	v(rw) (voltage)	v(yyyy_latch) (voltage)	v(yyyy_cell) (voltage)
0.000000e+00	0.000000e+00	0.000000e+00	0.000000e+00	9.999714e-01	8.770630e-06
1.000000e-12	0.000000e+00	0.000000e+00	0.000000e+00	9.999781e-01	-3.246335e-04
2.000000e-12	0.000000e+00	0.000000e+00	0.000000e+00	9.999820e-01	-5.272857e-04
4.000000e-12	0.000000e+00	0.000000e+00	0.000000e+00	9.999877e-01	-7.804689e-04
8.000000e-12	0.000000e+00	0.000000e+00	0.000000e+00	9.999922e-01	-8.589245e-04
1.600000e-11	0.000000e+00	0.000000e+00	0.000000e+00	9.999988e-01	-7.884317e-04
3.200000e-11	0.000000e+00	0.000000e+00	0.000000e+00	1.000016e+00	-6.939981e-04
6.400000e-11	0.000000e+00	0.000000e+00	0.000000e+00	1.000043e+00	-5.484933e-04
1.280000e-10	0.000000e+00	0.000000e+00	0.000000e+00	1.000003e+00	-3.748701e-04
2.560000e-10	0.000000e+00	0.000000e+00	0.000000e+00	9.999534e-01	-2.204994e-04
5.120000e-10	0.000000e+00	0.000000e+00	0.000000e+00	9.999732e-01	-1.176554e-04
1.024000e-09	0.000000e+00	0.000000e+00	0.000000e+00	9.999692e-01	-5.733994e-05
2.048000e-09	0.000000e+00	0.000000e+00	0.000000e+00	9.999761e-01	-2.519811e-05
3.648000e-09	0.000000e+00	0.000000e+00	0.000000e+00	9.999734e-01	-1.285741e-05
5.248000e-09	0.000000e+00	0.000000e+00	0.000000e+00	9.999690e-01	-1.305172e-05
6.848000e-09	0.000000e+00	0.000000e+00	0.000000e+00	9.999674e-01	-1.292096e-05
8.448000e-09	0.000000e+00	0.000000e+00	0.000000e+00	9.999740e-01	-1.304087e-05
1.000000e-08	0.000000e+00	0.000000e+00	0.000000e+00	9.999738e-01	-1.356106e-05
1.001000e-08	0.000000e+00	0.000000e+00	1.000000e-01	1.000088e+00	-2.693286e-04
1.003000e-08	0.000000e+00	0.000000e+00	3.000000e-01	1.000254e+00	-1.538478e-04
1.007000e-08	0.000000e+00	0.000000e+00	7.000000e-01	1.000384e+00	-1.097723e-04
1.010000e-08	0.000000e+00	0.000000e+00	1.000000e+00	1.000225e+00	-3.120790e-04
1.010800e-08	0.000000e+00	0.000000e+00	1.000000e+00	1.000100e+00	-4.324070e-04
1.012400e-08	0.000000e+00	0.000000e+00	1.000000e+00	9.998968e-01	-6.902536e-04
1.015600e-08	0.000000e+00	0.000000e+00	1.000000e+00	9.996431e-01	-9.290790e-04
1.020000e-08	0.000000e+00	0.000000e+00	1.000000e+00	9.995484e-01	-6.500344e-04
1.020640e-08	0.000000e+00	0.000000e+00	1.000000e+00	9.995531e-01	-5.692238e-04
1.021920e-08	0.000000e+00	0.000000e+00	1.000000e+00	9.995645e-01	-4.047731e-04
1.024480e-08	0.000000e+00	0.000000e+00	1.000000e+00	9.995989e-01	-1.004845e-04
1.029600e-08	0.000000e+00	0.000000e+00	1.000000e+00	9.997260e-01	2.910254e-04
1.039840e-08	0.000000e+00	0.000000e+00	1.000000e+00	9.999209e-01	4.315399e-04
1.060320e-08	0.000000e+00	0.000000e+00	1.000000e+00	1.000012e+00	7.793389e-05
1.101280e-08	0.000000e+00	0.000000e+00	1.000000e+00	9.999615e-01	-4.110269e-05
1.174976e-08	0.000000e+00	0.000000e+00	1.000000e+00	9.999751e-01	4.811255e-05
1.322368e-08	0.000000e+00	0.000000e+00	1.000000e+00	9.999651e-01	-2.584575e-05
1.482368e-08	0.000000e+00	0.000000e+00	1.000000e+00	9.999728e-01	3.941120e-05
1.500000e-08	0.000000e+00	0.000000e+00	1.000000e+00	9.999733e-01	1.439824e-06
1.501000e-08	0.000000e+00	1.000000e-01	1.000000e+00	1.000197e+00	4.120363e-04
1.503000e-08	0.000000e+00	3.000000e-01	1.000000e+00	1.000495e+00	1.015643e-03
1.507000e-08	0.000000e+00	7.000000e-01	1.000000e+00	9.987143e-01	1.494231e-03
1.510000e-08	0.000000e+00	1.000000e+00	1.000000e+00	9.909356e-01	1.251724e-03
1.510800e-08	0.000000e+00	1.000000e+00	1.000000e+00	9.880567e-01	9.110817e-04
1.512400e-08	0.000000e+00	1.000000e+00	1.000000e+00	9.831853e-01	3.523824e-04
1.515600e-08	0.000000e+00	1.000000e+00	1.000000e+00	9.785115e-01	-3.744451e-04
1.522000e-08	0.000000e+00	1.000000e+00	1.000000e+00	9.797045e-01	-6.377810e-04
1.534800e-08	0.000000e+00	1.000000e+00	1.000000e+00	9.867280e-01	-3.055297e-04
1.560400e-08	0.000000e+00	1.000000e+00	1.000000e+00	1.001339e+00	3.114339e-05
1.611600e-08	0.000000e+00	1.000000e+00	1.000000e+00	9.163757e-01	-1.764364e-05
1.689724e-08	0.000000e+00	1.000000e+00	1.000000e+00	2.531872e-01	-2.727035e-05
1.787672e-08	0.000000e+00	1.000000e+00	1.000000e+00	-6.213279e-02	1.041835e-04
1.947672e-08	0.000000e+00	1.000000e+00	1.000000e+00	3.876109e-02	-8.805384e-05
2.010000e-08	0.000000e+00	1.000000e+00	1.000000e+00	-1.013994e-02	8.850686e-05
2.011000e-08	0.000000e+00	9.000000e-01	9.000000e-01	-8.843238e-03	-8.843177e-05
2.013000e-08	0.000000e+00	7.000000e-01	7.000000e-01	-7.340171e-03	-6.246612e-04
2.017000e-08	0.000000e+00	3.000000e-01	3.000000e-01	-6.515650e-03	-9.780930e-04
2.020000e-08	0.000000e+00	0.000000e+00	0.000000e+00	-5.657327e-03	-4.867977e-04
2.020800e-08	0.000000e+00	0.000000e+00	0.000000e+00	-4.629640e-03	-4.668415e-05
2.022400e-08	0.000000e+00	0.000000e+00	0.000000e+00	-2.946453e-03	5.609885e-04
2.025600e-08	0.000000e+00	0.000000e+00	0.000000e+00	-9.061337e-04	8.089369e-04
2.032000e-08	0.000000e+00	0.000000e+00	0.000000e+00	-5.703720e-04	-2.728566e-04
2.044800e-08	0.000000e+00	0.000000e+00	0.000000e+00	-2.970116e-03	-1.495149e-03
2.070400e-08	0.000000e+00	0.000000e+00	0.000000e+00	-1.197570e-03	1.021704e-03
2.108788e-08	0.000000e+00	0.000000e+00	0.000000e+00	1.660995e-03	1.448317e-04
2.171898e-08	0.000000e+00	0.000000e+00	0.000000e+00	-4.041701e-04	-2.101196e-04
2.261391e-08	0.000000e+00	0.000000e+00	0.000000e+00	5.550508e-04	2.504744e-04
2.421391e-08	0.000000e+00	0.000000e+00	0.000000e+00	-2.745464e-04	-2.303907e-04
2.500000e-08	0.000000e+00	0.000000e+00	0.000000e+00	3.445855e-04	2.336240e-04
2.501000e-08	0.000000e+00	1.000000e-01	0.000000e+00	9.540014e-04	5.839970e-04
2.503000e-08	0.000000e+00	3.000000e-01	0.000000e+00	2.092980e-03	1.098241e-03
2.507000e-08	0.000000e+00	7.000000e-01	0.000000e+00	3.549690e-03	1.510488e-03
2.510000e-08	0.000000e+00	1.000000e+00	0.000000e+00	3.809783e-03	1.260594e-03
2.510800e-08	0.000000e+00	1.000000e+00	0.000000e+00	3.390543e-03	9.188476e-04
2.512400e-08	0.000000e+00	1.000000e+00	0.000000e+00	2.650367e-03	3.566775e-04
2.515600e-08	0.000000e+00	1.000000e+00	0.000000e+00	1.527169e-03	-3.133300e-04
2.522000e-08	0.000000e+00	1.000000e+00	0.000000e+00	3.430616e-04	-6.430852e-04
2.534800e-08	0.000000e+00	1.000000e+00	0.000000e+00	-2.881937e-04	-3.210679e-04
2.560400e-08	0.000000e+00	1.000000e+00	0.000000e+00	-2.537712e-04	3.201741e-05
2.611600e-08	0.000000e+00	1.000000e+00	0.000000e+00	-3.623648e-05	-3.597902e-06
2.714000e-08	0.000000e+00	1.000000e+00	0.000000e+00	7.224632e-05	1.822980e-05
2.874000e-08	0.000000e+00	1.000000e+00	0.000000e+00	2.901205e-05	1.496551e-06
3.000000e-08	0.000000e+00	1.000000e+00	3.308722e-14	4.873589e-05	1.502556e-05
3.001000e-08	0.000000e+00	1.000000e+00	1.000000e-01	3.262649e-04	2.360902e-05
3.003000e-08	0.000000e+00	1.000000e+00	3.000000e-01	7.158628e-04	4.462486e-05
3.007000e-08	0.000000e+00	1.000000e+00	7.000000e-01	1.230370e-03	2.212738e-05
3.010000e-08	0.000000e+00	1.000000e+00	1.000000e+00	8.416526e-04	-2.359857e-04
3.010800e-08	0.000000e+00	9.200000e-01	1.000000e+00	1.793056e-04	-4.796171e-04
3.012400e-08	0.000000e+00	7.600000e-01	1.000000e+00	-1.280626e-03	-1.118188e-03
3.015600e-08	0.000000e+00	4.400000e-01	1.000000e+00	-3.543568e-03	-1.932666e-03
3.020000e-08	0.000000e+00	0.000000e+00	1.000000e+00	-5.166177e-03	-1.418942e-03
3.020640e-08	0.000000e+00	0.000000e+00	1.000000e+00	-4.769931e-03	-1.002371e-03
3.021920e-08	0.000000e+00	0.000000e+00	1.000000e+00	-4.045998e-03	-2.921648e-04
3.024480e-08	0.000000e+00	0.000000e+00	1.000000e+00	-2.842412e-03	5.278274e-04
3.029600e-08	0.000000e+00	0.000000e+00	1.000000e+00	-1.307800e-03	9.711156e-04
3.039840e-08	0.000000e+00	0.000000e+00	1.000000e+00	-1.892877e-05	5.442309e-04
3.060320e-08	0.000000e+00	0.000000e+00	1.000000e+00	3.805627e-04	-4.619810e-05
3.101280e-08	0.000000e+00	0.000000e+00	1.000000e+00	1.698714e-04	2.846581e-05
3.174851e-08	0.000000e+00	0.000000e+00	1.000000e+00	4.995698e-05	-2.370017e-06
3.299120e-08	0.000000e+00	0.000000e+00	1.000000e+00	3.606365e-05	1.616312e-05
3.459120e-08	0.000000e+00	0.000000e+00	1.000000e+00	-7.765523e-06	3.538062e-06
3.500000e-08	0.000000e+00	0.000000e+00	1.000000e+00	4.532989e-05	9.073725e-06
3.501000e-08	1.000000e-01	1.000000e-01	1.000000e+00	9.476489e-04	3.628352e-04
3.503000e-08	3.000000e-01	3.000000e-01	1.000000e+00	2.643295e-03	8.588210e-04
3.507000e-08	7.000000e-01	7.000000e-01	1.000000e+00	5.169398e-03	1.127549e-03
3.510000e-08	1.000000e+00	1.000000e+00	1.000000e+00	6.607001e-03	7.593704e-04
3.510800e-08	1.000000e+00	1.000000e+00	1.000000e+00	6.204682e-03	4.459164e-04
3.512400e-08	1.000000e+00	1.000000e+00	1.000000e+00	5.410888e-03	-4.758527e-05
3.515600e-08	1.000000e+00	1.000000e+00	1.000000e+00	3.702149e-03	-6.094296e-04
3.522000e-08	1.000000e+00	1.000000e+00	1.000000e+00	-1.024813e-04	-5.541262e-04
3.534800e-08	1.000000e+00	1.000000e+00	1.000000e+00	-6.977773e-03	-9.106569e-05
3.560400e-08	1.000000e+00	1.000000e+00	1.000000e+00	1.909317e-03	6.121741e-05
3.611600e-08	1.000000e+00	1.000000e+00	1.000000e+00	3.639524e-01	4.954085e-05
3.711374e-08	1.000000e+00	1.000000e+00	1.000000e+00	9.898541e-01	-5.982188e-05
3.819826e-08	1.000000e+00	1.000000e+00	1.000000e+00	1.000779e+00	4.800534e-05
3.979826e-08	1.000000e+00	1.000000e+00	1.000000e+00	1.000792e+00	-1.795818e-05
4.010000e-08	1.000000e+00	1.000000e+00	1.000000e+00	9.976928e-01	7.564699e-06
4.011000e-08	1.000000e+00	9.000000e-01	9.000000e-01	9.973414e-01	-1.933965e-04
4.013000e-08	1.000000e+00	7.000000e-01	7.000000e-01	9.967552e-01	-8.144249e-04
4.017000e-08	1.000000e+00	3.000000e-01	3.000000e-01	9.982583e-01	-1.311389e-03
4.020000e-08	1.000000e+00	0.000000e+00	0.000000e+00	1.003322e+00	-7.943706e-04
4.020800e-08	1.000000e+00	0.000000e+00	0.000000e+00	1.005347e+00	-2.862621e-04
4.022400e-08	1.000000e+00	0.000000e+00	0.000000e+00	1.008649e+00	4.439176e-04
4.025600e-08	1.000000e+00	0.000000e+00	0.000000e+00	1.010390e+00	7.640834e-04
4.032000e-08	1.000000e+00	0.000000e+00	0.000000e+00	9.972123e-01	-8.061994e-04
4.044800e-08	1.000000e+00	0.000000e+00	0.000000e+00	9.567224e-01	-3.758282e-03
4.070400e-08	1.000000e+00	0.000000e+00	0.000000e+00	9.615529e-01	9.284407e-04
4.120357e-08	1.000000e+00	0.000000e+00	0.000000e+00	1.006484e+00	1.743682e-03
4.180528e-08	1.000000e+00	0.000000e+00	0.000000e+00	9.956983e-01	-9.683189e-04
4.300869e-08	1.000000e+00	0.000000e+00	0.000000e+00	1.001776e+00	8.431695e-04
4.460869e-08	1.000000e+00	0.000000e+00	0.000000e+00	9.979844e-01	-6.948639e-04
4.500000e-08	1.000000e+00	0.000000e+00	0.000000e+00	1.000126e+00	3.845240e-04
4.501000e-08	1.000000e+00	1.000000e-01	0.000000e+00	1.000357e+00	7.802768e-04
4.503000e-08	1.000000e+00	3.000000e-01	0.000000e+00	1.000577e+00	1.420351e-03
4.507000e-08	1.000000e+00	7.000000e-01	0.000000e+00	9.974008e-01	2.192030e-03
4.510000e-08	1.000000e+00	1.000000e+00	0.000000e+00	9.897315e-01	2.535579e-03
4.510800e-08	9.200000e-01	1.000000e+00	0.000000e+00	9.872675e-01	2.187897e-03
4.512400e-08	7.600000e-01	1.000000e+00	0.000000e+00	9.832689e-01	1.593239e-03
4.515600e-08	4.400000e-01	1.000000e+00	0.000000e+00	9.798093e-01	7.077431e-04
4.520000e-08	0.000000e+00	1.000000e+00	0.000000e+00	9.806698e-01	-2.880073e-04
4.520640e-08	0.000000e+00	1.000000e+00	0.000000e+00	9.811553e-01	-4.490081e-04
4.521920e-08	0.000000e+00	1.000000e+00	0.000000e+00	9.821161e-01	-7.860869e-04
4.524480e-08	0.000000e+00	1.000000e+00	0.000000e+00	9.839742e-01	-1.529024e-03
4.529600e-08	0.000000e+00	1.000000e+00	0.000000e+00	9.873084e-01	-3.112348e-03
4.539840e-08	0.000000e+00	1.000000e+00	0.000000e+00	9.925257e-01	-5.939715e-03
4.560320e-08	0.000000e+00	1.000000e+00	0.000000e+00	9.973704e-01	8.353136e-03
4.601280e-08	0.000000e+00	1.000000e+00	0.000000e+00	9.972955e-01	5.570211e-01
4.683200e-08	0.000000e+00	1.000000e+00	0.000000e+00	9.978671e-01	1.049420e+00
4.760290e-08	0.000000e+00	1.000000e+00	0.000000e+00	1.000083e+00	9.629115e-01
4.914469e-08	0.000000e+00	1.000000e+00	0.000000e+00	9.995556e-01	1.030664e+00
5.000000e-08	0.000000e+00	1.000000e+00	0.000000e+00	9.999475e-01	9.761023e-01
5.001000e-08	0.000000e+00	1.000000e+00	1.000000e-01	1.000083e+00	9.795433e-01
5.003000e-08	0.000000e+00	1.000000e+00	3.000000e-01	1.000285e+00	9.853802e-01
5.007000e-08	0.000000e+00	1.000000e+00	7.000000e-01	1.000295e+00	9.925047e-01
5.010000e-08	0.000000e+00	1.000000e+00	1.000000e+00	9.997154e-01	9.948391e-01
5.010800e-08	0.000000e+00	9.200000e-01	1.000000e+00	9.991348e-01	9.950627e-01
5.012400e-08	0.000000e+00	7.600000e-01	1.000000e+00	9.980920e-01	9.955562e-01
5.015600e-08	0.000000e+00	4.400000e-01	1.000000e+00	9.968917e-01	9.979722e-01
5.020000e-08	0.000000e+00	0.000000e+00	1.000000e+00	9.971846e-01	1.007633e+00
5.020640e-08	0.000000e+00	0.000000e+00	1.000000e+00	9.976936e-01	1.009707e+00
5.021920e-08	0.000000e+00	0.000000e+00	1.000000e+00	9.986023e-01	1.013677e+00
5.024480e-08	0.000000e+00	0.000000e+00	1.000000e+00	1.000029e+00	1.018484e+00
5.029600e-08	0.000000e+00	0.000000e+00	1.000000e+00	1.001943e+00	9.973718e-01
5.039840e-08	0.000000e+00	0.000000e+00	1.000000e+00	1.002806e+00	6.654872e-01
5.060320e-08	0.000000e+00	0.000000e+00	1.000000e+00	1.000942e+00	4.799331e-02
5.089854e-08	0.000000e+00	0.000000e+00	1.000000e+00	9.996127e-01	-2.152642e-02
5.138371e-08	0.000000e+00	0.000000e+00	1.000000e+00	9.999948e-01	1.399700e-02
5.195509e-08	0.000000e+00	0.000000e+00	1.000000e+00	9.997882e-01	-9.500802e-03
5.309783e-08	0.000000e+00	0.000000e+00	1.000000e+00	9.999441e-01	7.951442e-03
5.469783e-08	0.000000e+00	0.000000e+00	1.000000e+00	9.998425e-01	-6.913027e-03
5.500000e-08	0.000000e+00	0.000000e+00	1.000000e+00	9.999205e-01	3.281962e-03
5.501000e-08	0.000000e+00	1.000000e-01	1.000000e+00	1.000320e+00	3.184043e-03
5.503000e-08	0.000000e+00	3.000000e-01	1.000000e+00	1.001313e+00	2.911502e-03
5.507000e-08	0.000000e+00	7.000000e-01	1.000000e+00	1.002801e+00	2.370255e-03
5.510000e-08	0.000000e+00	1.000000e+00	1.000000e+00	1.003124e+00	1.756147e-03
5.510800e-08	0.000000e+00	1.000000e+00	1.000000e+00	1.002721e+00	1.353891e-03
5.512400e-08	0.000000e+00	1.000000e+00	1.000000e+00	1.002003e+00	6.813727e-04
5.515600e-08	0.000000e+00	1.000000e+00	1.000000e+00	1.000969e+00	-1.204231e-04
5.522000e-08	0.000000e+00	1.000000e+00	1.000000e+00	1.000054e+00	-5.885194e-04
5.534800e-08	0.000000e+00	1.000000e+00	1.000000e+00	1.001026e+00	-3.193186e-04
5.560400e-08	0.000000e+00	1.000000e+00	1.000000e+00	1.008405e+00	3.502094e-05
5.611600e-08	0.000000e+00	1.000000e+00	1.000000e+00	8.931379e-01	-2.239276e-05
5.714000e-08	0.000000e+00	1.000000e+00	1.000000e+00	1.507853e-01	8.218439e-08
5.808860e-08	0.000000e+00	1.000000e+00	1.000000e+00	-4.507979e-02	7.935527e-05
5.968860e-08	0.000000e+00	1.000000e+00	1.000000e+00	2.890427e-02	-7.144356e-05
6.010000e-08	0.000000e+00	1.000000e+00	1.000000e+00	-4.017658e-03	8.354079e-05
6.011000e-08	0.000000e+00	9.000000e-01	9.000000e-01	-3.145991e-03	-9.557920e-05
6.013000e-08	0.000000e+00	7.000000e-01	7.000000e-01	-2.352962e-03	-6.342838e-04
6.017000e-08	0.000000e+00	3.000000e-01	3.000000e-01	-2.435505e-03	-9.871438e-04
6.020000e-08	0.000000e+00	6.550316e-14	0.000000e+00	-2.120678e-03	-4.981850e-04
6.020800e-08	0.000000e+00	0.000000e+00	0.000000e+00	-1.234744e-03	-6.054063e-05
6.022400e-08	0.000000e+00	0.000000e+00	0.000000e+00	2.258258e-04	5.377076e-04
6.025600e-08	0.000000e+00	0.000000e+00	0.000000e+00	1.840913e-03	7.483378e-04
6.032000e-08	0.000000e+00	0.000000e+00	0.000000e+00	1.490911e-03	-3.630792e-04
6.044800e-08	0.000000e+00	0.000000e+00	0.000000e+00	-1.996828e-03	-1.494998e-03
6.048000e-08	0.000000e+00	0.000000e+00	0.000000e+00	-2.015434e-03	-9.387993e-04
6.054400e-08	0.000000e+00	0.000000e+00	0.000000e+00	-1.717656e-03	3.033853e-05
6.067200e-08	0.000000e+00	0.000000e+00	0.000000e+00	-3.731032e-04	7.529647e-04
6.092800e-08	0.000000e+00	0.000000e+00	0.000000e+00	7.632951e-04	2.457160e-04
6.144000e-08	0.000000e+00	0.000000e+00	0.000000e+00	4.672512e-04	-7.580801e-05
6.246400e-08	0.000000e+00	0.000000e+00	0.000000e+00	1.592212e-05	8.584428e-05
6.406400e-08	0.000000e+00	0.000000e+00	0.000000e+00	1.323971e-04	-5.605953e-05
6.500000e-08	0.000000e+00	0.000000e+00	0.000000e+00	-8.241623e-05	6.029690e-05
6.501000e-08	0.000000e+00	1.000000e-01	0.000000e+00	2.432602e-04	4.478560e-04
6.503000e-08	0.000000e+00	3.000000e-01	0.000000e+00	1.506140e-03	1.032636e-03
6.507000e-08	0.000000e+00	7.000000e-01	0.000000e+00	3.172029e-03	1.505168e-03
6.510000e-08	0.000000e+00	1.000000e+00	0.000000e+00	3.489850e-03	1.264781e-03
6.510800e-08	0.000000e+00	1.000000e+00	0.000000e+00	3.085664e-03	9.252193e-04
6.512400e-08	0.000000e+00	1.000000e+00	0.000000e+00	2.372278e-03	3.665889e-04
6.515600e-08	0.000000e+00	1.000000e+00	0.000000e+00	1.293306e-03	-2.992781e-04
6.522000e-08	0.000000e+00	1.000000e+00	0.000000e+00	1.761972e-04	-6.305154e-04
6.534800e-08	0.000000e+00	1.000000e+00	0.000000e+00	-3.835738e-04	-3.161416e-04
6.560400e-08	0.000000e+00	1.000000e+00	0.000000e+00	-2.806258e-04	3.159607e-05
6.611600e-08	0.000000e+00	1.000000e+00	0.000000e+00	-3.803416e-05	-3.258911e-06
6.714000e-08	0.000000e+00	1.000000e+00	0.000000e+00	7.272353e-05	1.796737e-05
6.874000e-08	0.000000e+00	1.000000e+00	0.000000e+00	2.796908e-05	1.732563e-06
7.000000e-08	0.000000e+00	1.000000e+00	0.000000e+00	4.925579e-05	1.482658e-05
7.001000e-08	0.000000e+00	1.000000e+00	1.000000e-01	3.165990e-04	2.316369e-05
7.003000e-08	0.000000e+00	1.000000e+00	3.000000e-01	7.103980e-04	2.714208e-05
7.007000e-08	0.000000e+00	1.000000e+00	7.000000e-01	1.225668e-03	-2.578566e-05
7.010000e-08	0.000000e+00	1.000000e+00	1.000000e+00	8.377695e-04	-2.631493e-04
7.010800e-08	0.000000e+00	9.200000e-01	1.000000e+00	1.754106e-04	-5.032401e-04
7.012400e-08	0.000000e+00	7.600000e-01	1.000000e+00	-1.284716e-03	-1.135583e-03
7.015600e-08	0.000000e+00	4.400000e-01	1.000000e+00	-3.547809e-03	-1.941780e-03
7.020000e-08	0.000000e+00	6.550316e-14	1.000000e+00	-5.170441e-03	-1.422440e-03
7.020640e-08	0.000000e+00	0.000000e+00	1.000000e+00	-4.774152e-03	-1.005472e-03
7.021920e-08	0.000000e+00	0.000000e+00	1.000000e+00	-4.050127e-03	-2.945550e-04
7.024480e-08	0.000000e+00	0.000000e+00	1.000000e+00	-2.846354e-03	5.264625e-04
7.029600e-08	0.000000e+00	0.000000e+00	1.000000e+00	-1.311299e-03	9.705716e-04
7.039840e-08	0.000000e+00	0.000000e+00	1.000000e+00	-2.138784e-05	5.441269e-04
7.060320e-08	0.000000e+00	0.000000e+00	1.000000e+00	3.796777e-04	-4.620440e-05
7.101280e-08	0.000000e+00	0.000000e+00	1.000000e+00	1.698107e-04	2.847288e-05
7.174863e-08	0.000000e+00	0.000000e+00	1.000000e+00	4.994236e-05	-2.377129e-06
7.299128e-08	0.000000e+00	0.000000e+00	1.000000e+00	3.625043e-05	1.616936e-05
7.459128e-08	0.000000e+00	0.000000e+00	1.000000e+00	-7.554936e-06	3.532407e-06
7.500000e-08	0.000000e+00	0.000000e+00	1.000000e+00	4.536054e-05	9.076838e-06
7.501000e-08	0.000000e+00	1.000000e-01	1.000000e+00	7.038988e-04	3.619837e-04
7.503000e-08	0.000000e+00	3.000000e-01	1.000000e+00	1.930872e-03	8.568389e-04
7.507000e-08	0.000000e+00	7.000000e-01	1.000000e+00	3.409620e-03	1.124505e-03
7.510000e-08	0.000000e+00	1.000000e+00	1.000000e+00	3.761441e-03	7.548989e-04
7.510800e-08	0.000000e+00	1.000000e+00	1.000000e+00	3.353134e-03	4.426896e-04
7.512400e-08	0.000000e+00	1.000000e+00	1.000000e+00	2.618827e-03	-4.865036e-05
7.515600e-08	0.000000e+00	1.000000e+00	1.000000e+00	1.448157e-03	-6.064122e-04
7.522000e-08	0.000000e+00	1.000000e+00	1.000000e+00	3.456524e-05	-5.468397e-04
7.534800e-08	0.000000e+00	1.000000e+00	1.000000e+00	-8.991422e-04	-8.810244e-05
7.560400e-08	0.000000e+00	1.000000e+00	1.000000e+00	-5.652341e-04	4.931812e-05
7.611600e-08	0.000000e+00	1.000000e+00	1.000000e+00	1.036407e-04	-1.836253e-05
7.714000e-08	0.000000e+00	1.000000e+00	1.000000e+00	7.974263e-05	6.427506e-05
7.874000e-08	0.000000e+00	1.000000e+00	1.000000e+00	2.468598e-05	-3.964456e-05
8.000000e-08	0.000000e+00	1.000000e+00	1.000000e+00	3.838095e-05	3.543063e-05
