time (time)	v(in) (voltage)	v(sel) (voltage)	v(rw) (voltage)	v(yyyy_latch) (voltage)	v(yyyy_cell) (voltage)
0.000000e+00	0.000000e+00	0.000000e+00	0.000000e+00	3.493034e-06	8.726551e-07
1.000000e-12	0.000000e+00	0.000000e+00	0.000000e+00	-2.576537e-06	-1.638077e-07
2.000000e-12	0.000000e+00	0.000000e+00	0.000000e+00	-1.069873e-05	-2.622345e-07
4.000000e-12	0.000000e+00	0.000000e+00	0.000000e+00	-2.570098e-05	-2.466901e-07
8.000000e-12	0.000000e+00	0.000000e+00	0.000000e+00	-3.824191e-05	2.755863e-07
1.600000e-11	0.000000e+00	0.000000e+00	0.000000e+00	-3.241048e-05	6.813728e-07
3.200000e-11	0.000000e+00	0.000000e+00	0.000000e+00	-2.300405e-05	6.271008e-07
6.400000e-11	0.000000e+00	0.000000e+00	0.000000e+00	-1.195809e-05	8.420750e-07
1.280000e-10	0.000000e+00	0.000000e+00	0.000000e+00	-4.414469e-06	7.610518e-07
2.560000e-10	0.000000e+00	0.000000e+00	0.000000e+00	-9.878685e-07	9.062374e-07
5.120000e-10	0.000000e+00	0.000000e+00	0.000000e+00	1.537167e-06	8.009694e-07
1.024000e-09	0.000000e+00	0.000000e+00	0.000000e+00	2.293012e-06	9.242769e-07
2.048000e-09	0.000000e+00	0.000000e+00	0.000000e+00	3.156670e-06	8.113835e-07
3.648000e-09	0.000000e+00	0.000000e+00	0.000000e+00	2.986886e-06	9.283810e-07
5.248000e-09	0.000000e+00	0.000000e+00	0.000000e+00	3.339181e-06	8.128658e-07
6.848000e-09	0.000000e+00	0.000000e+00	0.000000e+00	2.974238e-06	9.280725e-07
8.448000e-09	0.000000e+00	0.000000e+00	0.000000e+00	3.318466e-06	8.131739e-07
1.000000e-08	0.000000e+00	0.000000e+00	0.000000e+00	2.995113e-06	9.276942e-07
1.001000e-08	0.000000e+00	0.000000e+00	1.000000e-01	2.676264e-04	1.801893e-05
1.003000e-08	0.000000e+00	0.000000e+00	3.000000e-01	1.486101e-04	-4.302034e-05
1.007000e-08	0.000000e+00	0.000000e+00	7.000000e-01	-1.379082e-03	-3.488218e-04
1.010000e-08	0.000000e+00	0.000000e+00	1.000000e+00	-5.309054e-04	4.727275e-04
1.010551e-08	0.000000e+00	0.000000e+00	1.000000e+00	-4.204512e-04	4.245144e-04
1.011652e-08	0.000000e+00	0.000000e+00	1.000000e+00	-1.887499e-04	1.588525e-04
1.013855e-08	0.000000e+00	0.000000e+00	1.000000e+00	7.541804e-06	-7.359659e-05
1.018261e-08	0.000000e+00	0.000000e+00	1.000000e+00	-1.343797e-05	5.074535e-05
1.027072e-08	0.000000e+00	0.000000e+00	1.000000e+00	1.720476e-05	-4.063637e-05
1.044695e-08	0.000000e+00	0.000000e+00	1.000000e+00	-9.858872e-06	3.882243e-05
1.079940e-08	0.000000e+00	0.000000e+00	1.000000e+00	1.563312e-05	-3.539060e-05
1.150430e-08	0.000000e+00	0.000000e+00	1.000000e+00	-9.065254e-06	3.631482e-05
1.291411e-08	0.000000e+00	0.000000e+00	1.000000e+00	1.529594e-05	-3.418254e-05
1.451411e-08	0.000000e+00	0.000000e+00	1.000000e+00	-8.996003e-06	3.557525e-05
1.600000e-08	0.000000e+00	0.000000e+00	1.000000e+00	1.518740e-05	-3.346504e-05
1.601000e-08	0.000000e+00	1.000000e-01	1.000000e+00	7.958548e-04	1.888647e-04
1.603000e-08	0.000000e+00	3.000000e-01	1.000000e+00	7.589814e-04	6.226393e-06
1.607000e-08	0.000000e+00	7.000000e-01	1.000000e+00	-1.997122e-03	4.861254e-07
1.610000e-08	0.000000e+00	1.000000e+00	1.000000e+00	-1.915958e-03	-6.819109e-05
1.610800e-08	0.000000e+00	1.000000e+00	1.000000e+00	-1.691607e-03	-1.947732e-04
1.612400e-08	0.000000e+00	1.000000e+00	1.000000e+00	-7.041574e-04	-1.168246e-05
1.615600e-08	0.000000e+00	1.000000e+00	1.000000e+00	4.854334e-04	3.049336e-05
1.622000e-08	0.000000e+00	1.000000e+00	1.000000e+00	1.634705e-04	-3.287881e-05
1.631842e-08	0.000000e+00	1.000000e+00	1.000000e+00	1.538527e-05	3.581201e-05
1.644927e-08	0.000000e+00	1.000000e+00	1.000000e+00	4.983641e-05	-3.427568e-05
1.671097e-08	0.000000e+00	1.000000e+00	1.000000e+00	1.813420e-05	3.600905e-05
1.723438e-08	0.000000e+00	1.000000e+00	1.000000e+00	1.313844e-05	-3.422105e-05
1.828119e-08	0.000000e+00	1.000000e+00	1.000000e+00	6.132066e-06	3.593503e-05
1.988119e-08	0.000000e+00	1.000000e+00	1.000000e+00	1.665741e-06	-3.417256e-05
2.010000e-08	0.000000e+00	1.000000e+00	1.000000e+00	9.973496e-06	3.571334e-05
2.011000e-08	0.000000e+00	1.000000e+00	9.000000e-01	-3.477985e-04	-1.816484e-05
2.013000e-08	0.000000e+00	1.000000e+00	7.000000e-01	-3.633061e-04	3.907836e-05
2.017000e-08	0.000000e+00	1.000000e+00	3.000000e-01	3.127630e-03	7.094767e-04
2.020000e-08	0.000000e+00	1.000000e+00	0.000000e+00	1.573447e-03	-8.730850e-04
2.020512e-08	0.000000e+00	1.000000e+00	0.000000e+00	4.650460e-04	-7.186926e-04
2.021537e-08	0.000000e+00	1.000000e+00	0.000000e+00	-1.737927e-03	-4.030237e-04
2.023585e-08	0.000000e+00	1.000000e+00	0.000000e+00	-1.895577e-03	4.844893e-05
2.027683e-08	0.000000e+00	1.000000e+00	0.000000e+00	1.003343e-04	-1.498533e-05
2.033727e-08	0.000000e+00	1.000000e+00	0.000000e+00	-4.970173e-05	3.756765e-06
2.045814e-08	0.000000e+00	1.000000e+00	0.000000e+00	2.914492e-05	1.364171e-06
2.069990e-08	0.000000e+00	1.000000e+00	0.000000e+00	-2.419164e-05	-8.425727e-07
2.110000e-08	0.000000e+00	1.000000e+00	0.000000e+00	2.167541e-05	3.223603e-06
2.111000e-08	0.000000e+00	9.000000e-01	0.000000e+00	-5.381897e-04	-2.465547e-04
2.113000e-08	0.000000e+00	7.000000e-01	0.000000e+00	-7.218064e-04	-1.707465e-04
2.117000e-08	0.000000e+00	3.000000e-01	0.000000e+00	-2.079247e-04	1.332137e-04
2.120000e-08	0.000000e+00	0.000000e+00	0.000000e+00	-4.068940e-04	4.249143e-05
2.120800e-08	0.000000e+00	0.000000e+00	0.000000e+00	2.322959e-04	2.843151e-04
2.122400e-08	0.000000e+00	0.000000e+00	0.000000e+00	4.243980e-04	6.477835e-05
2.125600e-08	0.000000e+00	0.000000e+00	0.000000e+00	-6.999949e-05	-8.172024e-05
2.132000e-08	0.000000e+00	0.000000e+00	0.000000e+00	1.013644e-04	8.486981e-05
2.144800e-08	0.000000e+00	0.000000e+00	0.000000e+00	-5.905560e-05	-8.214140e-05
2.170400e-08	0.000000e+00	0.000000e+00	0.000000e+00	8.661179e-05	8.319340e-05
2.221600e-08	0.000000e+00	0.000000e+00	0.000000e+00	-5.605030e-05	-8.106707e-05
2.324000e-08	0.000000e+00	0.000000e+00	0.000000e+00	8.123457e-05	8.258822e-05
2.484000e-08	0.000000e+00	0.000000e+00	0.000000e+00	-5.899402e-05	-8.071476e-05
2.600000e-08	0.000000e+00	0.000000e+00	0.000000e+00	7.602195e-05	8.225214e-05
2.601000e-08	0.000000e+00	1.000000e-01	0.000000e+00	7.979441e-04	2.869922e-04
2.603000e-08	0.000000e+00	3.000000e-01	0.000000e+00	8.448207e-04	4.247274e-05
2.607000e-08	0.000000e+00	7.000000e-01	0.000000e+00	-4.097034e-04	3.787988e-05
2.610000e-08	0.000000e+00	1.000000e+00	0.000000e+00	-4.568457e-04	-1.174172e-04
2.610800e-08	0.000000e+00	1.000000e+00	0.000000e+00	-8.850862e-04	-3.413799e-04
2.612400e-08	0.000000e+00	1.000000e+00	0.000000e+00	-7.526838e-04	-1.040477e-04
2.615600e-08	0.000000e+00	1.000000e+00	0.000000e+00	4.540380e-05	8.526975e-05
2.622000e-08	0.000000e+00	1.000000e+00	0.000000e+00	-5.129406e-05	-7.498857e-05
2.634800e-08	0.000000e+00	1.000000e+00	0.000000e+00	5.252715e-05	7.255144e-05
2.660400e-08	0.000000e+00	1.000000e+00	0.000000e+00	-4.464114e-05	-6.869731e-05
2.711600e-08	0.000000e+00	1.000000e+00	0.000000e+00	4.879423e-05	6.941235e-05
2.814000e-08	0.000000e+00	1.000000e+00	0.000000e+00	-4.223944e-05	-6.715160e-05
2.974000e-08	0.000000e+00	1.000000e+00	0.000000e+00	4.818888e-05	6.856963e-05
3.000000e-08	0.000000e+00	1.000000e+00	3.308722e-14	-3.889170e-05	-6.482306e-05
3.001000e-08	0.000000e+00	1.000000e+00	1.000000e-01	3.742317e-04	1.920721e-05
3.003000e-08	0.000000e+00	1.000000e+00	3.000000e-01	2.409271e-04	-6.171395e-05
3.007000e-08	0.000000e+00	1.000000e+00	7.000000e-01	-2.374868e-03	-5.738413e-04
3.010000e-08	0.000000e+00	1.000000e+00	1.000000e+00	-1.573115e-03	7.363521e-04
3.010551e-08	0.000000e+00	1.000000e+00	1.000000e+00	-1.256251e-03	6.768999e-04
3.011654e-08	0.000000e+00	1.000000e+00	1.000000e+00	-5.457953e-04	2.883831e-04
3.013860e-08	0.000000e+00	1.000000e+00	1.000000e+00	2.509910e-04	-1.083490e-04
3.018271e-08	0.000000e+00	1.000000e+00	1.000000e+00	3.231553e-04	7.138037e-05
3.027093e-08	0.000000e+00	1.000000e+00	1.000000e+00	7.908975e-05	-5.568818e-05
3.036849e-08	0.000000e+00	1.000000e+00	1.000000e+00	-1.204217e-05	4.746404e-05
3.053693e-08	0.000000e+00	1.000000e+00	1.000000e+00	8.461008e-05	-4.071025e-05
3.087381e-08	0.000000e+00	1.000000e+00	1.000000e+00	-3.266353e-05	4.019125e-05
3.110000e-08	0.000000e+00	1.000000e+00	1.000000e+00	6.163010e-05	-3.526357e-05
3.111000e-08	0.000000e+00	9.000000e-01	1.000000e+00	-6.199896e-04	-1.602702e-04
3.113000e-08	0.000000e+00	7.000000e-01	1.000000e+00	-7.617758e-04	-6.715814e-05
3.117000e-08	0.000000e+00	3.000000e-01	1.000000e+00	1.532819e-03	4.910852e-05
3.120000e-08	0.000000e+00	0.000000e+00	1.000000e+00	1.766171e-04	1.778397e-05
3.120597e-08	0.000000e+00	0.000000e+00	1.000000e+00	-2.956113e-04	2.235007e-04
3.121790e-08	0.000000e+00	0.000000e+00	1.000000e+00	-1.214623e-03	8.967300e-05
3.124177e-08	0.000000e+00	0.000000e+00	1.000000e+00	-8.939370e-04	-8.165082e-05
3.128950e-08	0.000000e+00	0.000000e+00	1.000000e+00	2.335033e-04	7.721490e-05
3.136641e-08	0.000000e+00	0.000000e+00	1.000000e+00	-1.124079e-04	-7.105312e-05
3.152021e-08	0.000000e+00	0.000000e+00	1.000000e+00	1.031256e-04	7.068579e-05
3.182783e-08	0.000000e+00	0.000000e+00	1.000000e+00	-7.761899e-05	-6.782827e-05
3.244306e-08	0.000000e+00	0.000000e+00	1.000000e+00	8.418486e-05	6.902410e-05
3.367351e-08	0.000000e+00	0.000000e+00	1.000000e+00	-7.290504e-05	-6.700662e-05
3.500000e-08	0.000000e+00	0.000000e+00	1.000000e+00	7.862888e-05	6.849052e-05
3.501000e-08	1.000000e-01	0.000000e+00	1.000000e+00	3.215775e-04	1.023100e-05
3.503000e-08	3.000000e-01	0.000000e+00	1.000000e+00	2.940919e-04	-7.502607e-06
3.507000e-08	7.000000e-01	0.000000e+00	1.000000e+00	9.474114e-05	8.240816e-06
3.510000e-08	1.000000e+00	0.000000e+00	1.000000e+00	-9.686516e-05	-5.199490e-06
3.510800e-08	1.000000e+00	0.000000e+00	1.000000e+00	-3.460995e-04	4.411311e-07
3.512400e-08	1.000000e+00	0.000000e+00	1.000000e+00	-4.201956e-04	3.165600e-06
3.515600e-08	1.000000e+00	0.000000e+00	1.000000e+00	-3.803609e-05	1.046671e-06
3.522000e-08	1.000000e+00	0.000000e+00	1.000000e+00	-5.256842e-05	4.324374e-07
3.534800e-08	1.000000e+00	0.000000e+00	1.000000e+00	3.417249e-05	1.408356e-06
3.560400e-08	1.000000e+00	0.000000e+00	1.000000e+00	-2.028050e-05	6.061259e-07
3.600000e-08	1.000000e+00	3.308722e-14	1.000000e+00	2.847424e-05	1.175280e-06
3.601000e-08	1.000000e+00	1.000000e-01	1.000000e+00	1.012348e-03	1.977367e-04
3.603000e-08	1.000000e+00	3.000000e-01	1.000000e+00	8.166902e-04	1.406849e-06
3.607000e-08	1.000000e+00	7.000000e-01	1.000000e+00	-1.074282e-02	-3.721304e-06
3.610000e-08	1.000000e+00	1.000000e+00	1.000000e+00	1.624300e-02	-1.058665e-05
3.610800e-08	1.000000e+00	1.000000e+00	1.000000e+00	5.442321e-02	-8.269376e-05
3.612400e-08	1.000000e+00	1.000000e+00	1.000000e+00	1.927655e-01	2.495968e-04
3.615600e-08	1.000000e+00	1.000000e+00	1.000000e+00	6.404276e-01	2.234010e-04
3.620308e-08	1.000000e+00	1.000000e+00	1.000000e+00	9.826580e-01	-6.370153e-04
3.625429e-08	1.000000e+00	1.000000e+00	1.000000e+00	9.962899e-01	4.968528e-04
3.631539e-08	1.000000e+00	1.000000e+00	1.000000e+00	1.003856e+00	-4.081010e-04
3.640384e-08	1.000000e+00	1.000000e+00	1.000000e+00	9.963875e-01	3.598960e-04
3.649718e-08	1.000000e+00	1.000000e+00	1.000000e+00	1.003113e+00	-3.152268e-04
3.668386e-08	1.000000e+00	1.000000e+00	1.000000e+00	9.970502e-01	2.974655e-04
3.705724e-08	1.000000e+00	1.000000e+00	1.000000e+00	1.002793e+00	-2.863073e-04
3.768980e-08	1.000000e+00	1.000000e+00	1.000000e+00	9.972438e-01	2.827335e-04
3.895492e-08	1.000000e+00	1.000000e+00	1.000000e+00	1.002709e+00	-2.782124e-04
4.010000e-08	1.000000e+00	1.000000e+00	1.000000e+00	9.973192e-01	2.771832e-04
4.011000e-08	1.000000e+00	1.000000e+00	9.000000e-01	9.989807e-01	2.990681e-05
4.013000e-08	1.000000e+00	1.000000e+00	7.000000e-01	1.000352e+00	2.586923e-05
4.017000e-08	1.000000e+00	1.000000e+00	3.000000e-01	1.006358e+00	-6.064325e-04
4.020000e-08	1.000000e+00	1.000000e+00	0.000000e+00	1.005905e+00	-1.237584e-02
4.020515e-08	1.000000e+00	1.000000e+00	0.000000e+00	1.002455e+00	3.594863e-04
4.021545e-08	1.000000e+00	1.000000e+00	0.000000e+00	9.935095e-01	7.984647e-02
4.023604e-08	1.000000e+00	1.000000e+00	0.000000e+00	9.882755e-01	7.184190e-01
4.027723e-08	1.000000e+00	1.000000e+00	0.000000e+00	9.947193e-01	1.031612e+00
4.031754e-08	1.000000e+00	1.000000e+00	0.000000e+00	9.983554e-01	9.745066e-01
4.039817e-08	1.000000e+00	1.000000e+00	0.000000e+00	1.000221e+00	1.020431e+00
4.048474e-08	1.000000e+00	1.000000e+00	0.000000e+00	9.993892e-01	9.820654e-01
4.065788e-08	1.000000e+00	1.000000e+00	0.000000e+00	1.000261e+00	1.016327e+00
4.100417e-08	1.000000e+00	1.000000e+00	0.000000e+00	9.995586e-01	9.840015e-01
4.110000e-08	1.000000e+00	1.000000e+00	0.000000e+00	1.000276e+00	1.013753e+00
4.111000e-08	1.000000e+00	9.000000e-01	0.000000e+00	9.994587e-01	1.002373e+00
4.113000e-08	1.000000e+00	7.000000e-01	0.000000e+00	9.995871e-01	9.985896e-01
4.117000e-08	1.000000e+00	3.000000e-01	0.000000e+00	1.010621e+00	1.007250e+00
4.120000e-08	1.000000e+00	0.000000e+00	0.000000e+00	1.016666e+00	2.875144e-01
4.120684e-08	1.000000e+00	0.000000e+00	0.000000e+00	1.014611e+00	9.896613e-02
4.122051e-08	1.000000e+00	0.000000e+00	0.000000e+00	1.008657e+00	-1.091763e-02
4.124786e-08	1.000000e+00	0.000000e+00	0.000000e+00	1.000738e+00	1.028931e-02
4.129013e-08	1.000000e+00	0.000000e+00	0.000000e+00	1.000309e+00	-8.395827e-03
4.134416e-08	1.000000e+00	0.000000e+00	0.000000e+00	1.000191e+00	7.201259e-03
4.145221e-08	1.000000e+00	0.000000e+00	0.000000e+00	9.999696e-01	-6.594728e-03
4.166833e-08	1.000000e+00	0.000000e+00	0.000000e+00	1.000072e+00	6.351768e-03
4.210056e-08	1.000000e+00	0.000000e+00	0.000000e+00	9.999058e-01	-6.196662e-03
4.296502e-08	1.000000e+00	0.000000e+00	0.000000e+00	1.000056e+00	6.155200e-03
4.456502e-08	1.000000e+00	0.000000e+00	0.000000e+00	9.999026e-01	-6.097944e-03
4.510000e-08	1.000000e+00	0.000000e+00	0.000000e+00	1.000058e+00	6.019167e-03
4.511000e-08	9.000000e-01	0.000000e+00	0.000000e+00	9.999085e-01	1.175242e-03
4.513000e-08	7.000000e-01	0.000000e+00	0.000000e+00	9.998881e-01	-7.481124e-04
4.517000e-08	3.000000e-01	0.000000e+00	0.000000e+00	1.000019e+00	6.000309e-04
4.520000e-08	0.000000e+00	0.000000e+00	0.000000e+00	9.999965e-01	-4.333857e-04
4.520800e-08	0.000000e+00	0.000000e+00	0.000000e+00	1.000091e+00	-9.206568e-05
4.522400e-08	0.000000e+00	0.000000e+00	0.000000e+00	1.000045e+00	5.137057e-05
4.525600e-08	0.000000e+00	0.000000e+00	0.000000e+00	9.999417e-01	-3.586195e-05
4.532000e-08	0.000000e+00	0.000000e+00	0.000000e+00	1.000014e+00	3.262819e-05
4.544800e-08	0.000000e+00	0.000000e+00	0.000000e+00	9.999500e-01	-3.918788e-05
4.570400e-08	0.000000e+00	0.000000e+00	0.000000e+00	1.000008e+00	3.943857e-05
4.600000e-08	0.000000e+00	0.000000e+00	0.000000e+00	9.999533e-01	-3.274779e-05
4.601000e-08	0.000000e+00	1.000000e-01	0.000000e+00	1.000491e+00	4.601479e-04
4.603000e-08	0.000000e+00	3.000000e-01	0.000000e+00	9.994799e-01	3.040613e-04
4.607000e-08	0.000000e+00	7.000000e-01	0.000000e+00	9.883572e-01	-4.284254e-03
4.610000e-08	0.000000e+00	1.000000e+00	0.000000e+00	9.904311e-01	1.183309e-02
4.610800e-08	0.000000e+00	1.000000e+00	0.000000e+00	9.913757e-01	8.101231e-02
4.612400e-08	0.000000e+00	1.000000e+00	0.000000e+00	9.934574e-01	5.154119e-01
4.615600e-08	0.000000e+00	1.000000e+00	0.000000e+00	9.952540e-01	9.968059e-01
4.619984e-08	0.000000e+00	1.000000e+00	0.000000e+00	9.981265e-01	9.943842e-01
4.628753e-08	0.000000e+00	1.000000e+00	0.000000e+00	1.000756e+00	1.004016e+00
4.636878e-08	0.000000e+00	1.000000e+00	0.000000e+00	9.995809e-01	9.966158e-01
4.653130e-08	0.000000e+00	1.000000e+00	0.000000e+00	1.000289e+00	1.003036e+00
4.685632e-08	0.000000e+00	1.000000e+00	0.000000e+00	9.997029e-01	9.970059e-01
4.750638e-08	0.000000e+00	1.000000e+00	0.000000e+00	1.000240e+00	1.002860e+00
4.880649e-08	0.000000e+00	1.000000e+00	0.000000e+00	9.997250e-01	9.970918e-01
5.000000e-08	0.000000e+00	1.000000e+00	0.000000e+00	1.000227e+00	1.002802e+00
5.001000e-08	0.000000e+00	1.000000e+00	1.000000e-01	1.000333e+00	1.000643e+00
5.003000e-08	0.000000e+00	1.000000e+00	3.000000e-01	9.999767e-01	9.995059e-01
5.007000e-08	0.000000e+00	1.000000e+00	7.000000e-01	1.000728e+00	1.003749e+00
5.010000e-08	0.000000e+00	1.000000e+00	1.000000e+00	1.012629e+00	7.225995e-01
5.010564e-08	0.000000e+00	1.000000e+00	1.000000e+00	1.015972e+00	4.090038e-01
5.011692e-08	0.000000e+00	1.000000e+00	1.000000e+00	1.025565e+00	4.754389e-02
5.013947e-08	0.000000e+00	1.000000e+00	1.000000e+00	1.055845e+00	-1.553152e-02
5.017440e-08	0.000000e+00	1.000000e+00	1.000000e+00	7.425620e-01	1.108659e-02
5.021116e-08	0.000000e+00	1.000000e+00	1.000000e+00	2.433084e-01	-8.266647e-03
5.026614e-08	0.000000e+00	1.000000e+00	1.000000e+00	-1.174967e-02	7.235272e-03
5.032420e-08	0.000000e+00	1.000000e+00	1.000000e+00	3.186900e-03	-6.136076e-03
5.044011e-08	0.000000e+00	1.000000e+00	1.000000e+00	-1.757490e-03	5.687240e-03
5.055024e-08	0.000000e+00	1.000000e+00	1.000000e+00	1.076018e-03	-5.203359e-03
5.077051e-08	0.000000e+00	1.000000e+00	1.000000e+00	-7.838029e-04	5.006903e-03
5.110000e-08	0.000000e+00	1.000000e+00	1.000000e+00	7.006560e-04	-4.848333e-03
5.111000e-08	0.000000e+00	9.000000e-01	1.000000e+00	-2.552209e-04	-1.017524e-03
5.113000e-08	0.000000e+00	7.000000e-01	1.000000e+00	-6.956728e-04	4.745731e-04
5.117000e-08	0.000000e+00	3.000000e-01	1.000000e+00	-1.450513e-04	-3.859362e-04
5.120000e-08	0.000000e+00	6.550316e-14	1.000000e+00	-4.507249e-03	3.300029e-04
5.120599e-08	0.000000e+00	0.000000e+00	1.000000e+00	-4.187973e-03	3.215870e-04
5.121796e-08	0.000000e+00	0.000000e+00	1.000000e+00	-3.357470e-03	5.375533e-05
5.124192e-08	0.000000e+00	0.000000e+00	1.000000e+00	-1.225162e-03	-6.126109e-05
5.128982e-08	0.000000e+00	0.000000e+00	1.000000e+00	2.266002e-04	6.005738e-05
5.136599e-08	0.000000e+00	0.000000e+00	1.000000e+00	-5.971797e-05	-5.579080e-05
5.151834e-08	0.000000e+00	0.000000e+00	1.000000e+00	6.067163e-05	5.625938e-05
5.182303e-08	0.000000e+00	0.000000e+00	1.000000e+00	-1.816927e-05	-5.378004e-05
5.243241e-08	0.000000e+00	0.000000e+00	1.000000e+00	3.928040e-05	5.516912e-05
5.365118e-08	0.000000e+00	0.000000e+00	1.000000e+00	-1.527307e-05	-5.323949e-05
5.525118e-08	0.000000e+00	0.000000e+00	1.000000e+00	3.084828e-05	5.484224e-05
5.600000e-08	0.000000e+00	0.000000e+00	1.000000e+00	-1.202649e-05	-5.279740e-05
5.601000e-08	0.000000e+00	1.000000e-01	1.000000e+00	7.994302e-04	1.930279e-04
5.603000e-08	0.000000e+00	3.000000e-01	1.000000e+00	1.054549e-03	7.776539e-06
5.607000e-08	0.000000e+00	7.000000e-01	1.000000e+00	-4.947427e-04	-1.337815e-06
5.610000e-08	0.000000e+00	1.000000e+00	1.000000e+00	-1.322082e-03	-6.897665e-05
5.610800e-08	0.000000e+00	1.000000e+00	1.000000e+00	-1.519885e-03	-1.944726e-04
5.612400e-08	0.000000e+00	1.000000e+00	1.000000e+00	-9.593905e-04	-1.071811e-05
5.615600e-08	0.000000e+00	1.000000e+00	1.000000e+00	2.599525e-04	3.093064e-05
5.622000e-08	0.000000e+00	1.000000e+00	1.000000e+00	2.024393e-04	-3.354457e-05
5.631761e-08	0.000000e+00	1.000000e+00	1.000000e+00	2.858833e-07	3.655008e-05
5.644857e-08	0.000000e+00	1.000000e+00	1.000000e+00	6.760183e-05	-3.503128e-05
5.671048e-08	0.000000e+00	1.000000e+00	1.000000e+00	1.656680e-05	3.677297e-05
5.723432e-08	0.000000e+00	1.000000e+00	1.000000e+00	2.665598e-05	-3.498549e-05
5.828198e-08	0.000000e+00	1.000000e+00	1.000000e+00	5.767177e-06	3.670159e-05
5.988198e-08	0.000000e+00	1.000000e+00	1.000000e+00	1.331701e-05	-3.493818e-05
6.010000e-08	0.000000e+00	1.000000e+00	1.000000e+00	1.149301e-05	3.647322e-05
6.011000e-08	0.000000e+00	1.000000e+00	9.000000e-01	-3.451077e-04	-1.790252e-05
6.013000e-08	0.000000e+00	1.000000e+00	7.000000e-01	-3.574789e-04	3.904382e-05
6.017000e-08	0.000000e+00	1.000000e+00	3.000000e-01	4.069648e-03	5.530587e-04
6.020000e-08	0.000000e+00	1.000000e+00	0.000000e+00	4.146527e-03	-1.298594e-03
6.020513e-08	0.000000e+00	1.000000e+00	0.000000e+00	3.190673e-03	-7.294615e-04
6.021539e-08	0.000000e+00	1.000000e+00	0.000000e+00	1.010533e-03	3.120051e-05
6.023591e-08	0.000000e+00	1.000000e+00	0.000000e+00	-1.281718e-04	2.266813e-04
6.027694e-08	0.000000e+00	1.000000e+00	0.000000e+00	4.397303e-04	-5.581948e-05
6.033743e-08	0.000000e+00	1.000000e+00	0.000000e+00	5.952332e-05	4.242168e-05
6.045842e-08	0.000000e+00	1.000000e+00	0.000000e+00	9.715201e-05	-2.871647e-05
6.070039e-08	0.000000e+00	1.000000e+00	0.000000e+00	-5.390905e-06	2.736276e-05
6.110000e-08	0.000000e+00	1.000000e+00	0.000000e+00	4.427705e-05	-2.346661e-05
6.111000e-08	0.000000e+00	9.000000e-01	0.000000e+00	-5.077667e-04	-2.547042e-04
6.113000e-08	0.000000e+00	7.000000e-01	0.000000e+00	-7.043396e-04	-1.681191e-04
6.117000e-08	0.000000e+00	3.000000e-01	0.000000e+00	-1.904498e-04	1.317953e-04
6.120000e-08	0.000000e+00	6.550316e-14	0.000000e+00	-3.863812e-04	4.401708e-05
6.120800e-08	0.000000e+00	0.000000e+00	0.000000e+00	2.494065e-04	2.846402e-04
6.122400e-08	0.000000e+00	0.000000e+00	0.000000e+00	4.377549e-04	6.422812e-05
6.125600e-08	0.000000e+00	0.000000e+00	0.000000e+00	-5.778945e-05	-8.096246e-05
6.132000e-08	0.000000e+00	0.000000e+00	0.000000e+00	1.127494e-04	8.407343e-05
6.144800e-08	0.000000e+00	0.000000e+00	0.000000e+00	-4.572155e-05	-8.132582e-05
6.170400e-08	0.000000e+00	0.000000e+00	0.000000e+00	9.710150e-05	8.239595e-05
6.221600e-08	0.000000e+00	0.000000e+00	0.000000e+00	-4.842313e-05	-8.023280e-05
6.324000e-08	0.000000e+00	0.000000e+00	0.000000e+00	8.276979e-05	8.176940e-05
6.484000e-08	0.000000e+00	0.000000e+00	0.000000e+00	-5.771907e-05	-7.988809e-05
6.600000e-08	0.000000e+00	0.000000e+00	0.000000e+00	7.562781e-05	8.142540e-05
6.601000e-08	0.000000e+00	1.000000e-01	0.000000e+00	7.979976e-04	2.869590e-04
6.603000e-08	0.000000e+00	3.000000e-01	0.000000e+00	8.475926e-04	4.257778e-05
6.607000e-08	0.000000e+00	7.000000e-01	0.000000e+00	-3.995693e-04	3.776721e-05
6.610000e-08	0.000000e+00	1.000000e+00	0.000000e+00	-4.533017e-04	-1.173631e-04
6.610800e-08	0.000000e+00	1.000000e+00	0.000000e+00	-8.831222e-04	-3.413554e-04
6.612400e-08	0.000000e+00	1.000000e+00	0.000000e+00	-7.518776e-04	-1.040360e-04
6.615600e-08	0.000000e+00	1.000000e+00	0.000000e+00	4.583409e-05	8.526052e-05
6.622000e-08	0.000000e+00	1.000000e+00	0.000000e+00	-5.110444e-05	-7.497753e-05
6.634800e-08	0.000000e+00	1.000000e+00	0.000000e+00	5.287933e-05	7.254107e-05
6.660400e-08	0.000000e+00	1.000000e+00	0.000000e+00	-4.447126e-05	-6.868609e-05
6.711600e-08	0.000000e+00	1.000000e+00	0.000000e+00	4.906861e-05	6.940164e-05
6.814000e-08	0.000000e+00	1.000000e+00	0.000000e+00	-4.232499e-05	-6.714197e-05
6.974000e-08	0.000000e+00	1.000000e+00	0.000000e+00	4.850110e-05	6.856203e-05
7.000000e-08	0.000000e+00	1.000000e+00	0.000000e+00	-3.904805e-05	-6.482514e-05
7.001000e-08	0.000000e+00	1.000000e+00	1.000000e-01	3.742278e-04	1.923016e-05
7.003000e-08	0.000000e+00	1.000000e+00	3.000000e-01	2.410074e-04	-6.169946e-05
7.007000e-08	0.000000e+00	1.000000e+00	7.000000e-01	-2.374928e-03	-5.738480e-04
7.010000e-08	0.000000e+00	1.000000e+00	1.000000e+00	-1.573120e-03	7.363556e-04
7.010551e-08	0.000000e+00	1.000000e+00	1.000000e+00	-1.256255e-03	6.769030e-04
7.011654e-08	0.000000e+00	1.000000e+00	1.000000e+00	-5.457950e-04	2.883849e-04
7.013860e-08	0.000000e+00	1.000000e+00	1.000000e+00	2.509960e-04	-1.083497e-04
7.018271e-08	0.000000e+00	1.000000e+00	1.000000e+00	3.231583e-04	7.138080e-05
7.027093e-08	0.000000e+00	1.000000e+00	1.000000e+00	7.909343e-05	-5.568849e-05
7.036849e-08	0.000000e+00	1.000000e+00	1.000000e+00	-1.203874e-05	4.746427e-05
7.053693e-08	0.000000e+00	1.000000e+00	1.000000e+00	8.461414e-05	-4.071044e-05
7.087381e-08	0.000000e+00	1.000000e+00	1.000000e+00	-3.266035e-05	4.019142e-05
7.110000e-08	0.000000e+00	1.000000e+00	1.000000e+00	6.163410e-05	-3.526371e-05
7.111000e-08	0.000000e+00	9.000000e-01	1.000000e+00	-6.199829e-04	-1.602702e-04
7.113000e-08	0.000000e+00	7.000000e-01	1.000000e+00	-7.617691e-04	-6.715811e-05
7.117000e-08	0.000000e+00	3.000000e-01	1.000000e+00	1.532841e-03	4.910852e-05
7.120000e-08	0.000000e+00	6.550316e-14	1.000000e+00	1.766566e-04	1.778397e-05
7.120597e-08	0.000000e+00	0.000000e+00	1.000000e+00	-2.955841e-04	2.235007e-04
7.121790e-08	0.000000e+00	0.000000e+00	1.000000e+00	-1.214615e-03	8.967300e-05
7.124177e-08	0.000000e+00	0.000000e+00	1.000000e+00	-8.939393e-04	-8.165078e-05
7.128950e-08	0.000000e+00	0.000000e+00	1.000000e+00	2.334981e-04	7.721486e-05
7.136641e-08	0.000000e+00	0.000000e+00	1.000000e+00	-1.124120e-04	-7.105308e-05
7.152021e-08	0.000000e+00	0.000000e+00	1.000000e+00	1.031239e-04	7.068575e-05
7.182783e-08	0.000000e+00	0.000000e+00	1.000000e+00	-7.761957e-05	-6.782823e-05
7.244306e-08	0.000000e+00	0.000000e+00	1.000000e+00	8.418534e-05	6.902406e-05
7.367351e-08	0.000000e+00	0.000000e+00	1.000000e+00	-7.290485e-05	-6.700658e-05
7.527351e-08	0.000000e+00	0.000000e+00	1.000000e+00	7.890704e-05	6.853425e-05
7.600000e-08	0.000000e+00	0.000000e+00	1.000000e+00	-6.805722e-05	-6.632502e-05
7.601000e-08	0.000000e+00	1.000000e-01	1.000000e+00	7.746229e-04	1.908875e-04
7.603000e-08	0.000000e+00	3.000000e-01	1.000000e+00	9.120775e-04	8.865357e-06
7.607000e-08	0.000000e+00	7.000000e-01	1.000000e+00	-8.186224e-04	-2.035772e-06
7.610000e-08	0.000000e+00	1.000000e+00	1.000000e+00	-1.399335e-03	-6.797792e-05
7.610800e-08	0.000000e+00	1.000000e+00	1.000000e+00	-1.568439e-03	-1.946325e-04
7.612400e-08	0.000000e+00	1.000000e+00	1.000000e+00	-9.814226e-04	-1.056864e-05
7.615600e-08	0.000000e+00	1.000000e+00	1.000000e+00	2.501572e-04	3.044786e-05
7.622000e-08	0.000000e+00	1.000000e+00	1.000000e+00	1.998635e-04	-3.296297e-05
7.631760e-08	0.000000e+00	1.000000e+00	1.000000e+00	-7.337915e-06	3.591044e-05
7.644856e-08	0.000000e+00	1.000000e+00	1.000000e+00	6.465074e-05	-3.436281e-05
7.671049e-08	0.000000e+00	1.000000e+00	1.000000e+00	9.447505e-06	3.608748e-05
7.723434e-08	0.000000e+00	1.000000e+00	1.000000e+00	2.396664e-05	-3.429530e-05
7.828205e-08	0.000000e+00	1.000000e+00	1.000000e+00	-6.208153e-07	3.600707e-05
7.988205e-08	0.000000e+00	1.000000e+00	1.000000e+00	1.140688e-05	-3.424316e-05
8.000000e-08	0.000000e+00	1.000000e+00	1.000000e+00	1.100997e-05	3.552659e-05
