time (time)	v(in) (voltage)	v(sel) (voltage)	v(rw) (voltage)	v(yyyy_latch) (voltage)	v(yyyy_cell) (voltage)
0.000000e+00	0.000000e+00	0.000000e+00	0.000000e+00	9.998753e-01	4.196149e-07
1.000000e-12	0.000000e+00	0.000000e+00	0.000000e+00	9.998725e-01	5.978844e-07
2.000000e-12	0.000000e+00	0.000000e+00	0.000000e+00	9.998672e-01	2.913824e-07
4.000000e-12	0.000000e+00	0.000000e+00	0.000000e+00	9.998587e-01	-1.423533e-07
8.000000e-12	0.000000e+00	0.000000e+00	0.000000e+00	9.998513e-01	-2.023898e-07
1.600000e-11	0.000000e+00	0.000000e+00	0.000000e+00	9.998486e-01	-1.100168e-07
3.200000e-11	0.000000e+00	0.000000e+00	0.000000e+00	9.998473e-01	2.742719e-08
6.400000e-11	0.000000e+00	0.000000e+00	0.000000e+00	9.998451e-01	1.405414e-07
1.280000e-10	0.000000e+00	0.000000e+00	0.000000e+00	9.998514e-01	3.082415e-07
2.560000e-10	0.000000e+00	0.000000e+00	0.000000e+00	9.998571e-01	3.234150e-07
5.120000e-10	0.000000e+00	0.000000e+00	0.000000e+00	9.998642e-01	4.023512e-07
1.024000e-09	0.000000e+00	0.000000e+00	0.000000e+00	9.998697e-01	3.830799e-07
2.048000e-09	0.000000e+00	0.000000e+00	0.000000e+00	9.998722e-01	4.264317e-07
3.648000e-09	0.000000e+00	0.000000e+00	0.000000e+00	9.998734e-01	3.977538e-07
5.248000e-09	0.000000e+00	0.000000e+00	0.000000e+00	9.998734e-01	4.281953e-07
6.848000e-09	0.000000e+00	0.000000e+00	0.000000e+00	9.998735e-01	3.993198e-07
8.448000e-09	0.000000e+00	0.000000e+00	0.000000e+00	9.998734e-01	4.266946e-07
1.000000e-08	0.000000e+00	0.000000e+00	0.000000e+00	9.998734e-01	4.008278e-07
1.001000e-08	0.000000e+00	0.000000e+00	1.000000e-01	9.999769e-01	1.541555e-05
1.003000e-08	0.000000e+00	0.000000e+00	3.000000e-01	1.000140e+00	1.664787e-05
1.007000e-08	0.000000e+00	0.000000e+00	7.000000e-01	1.000209e+00	-1.765183e-04
1.010000e-08	0.000000e+00	0.000000e+00	1.000000e+00	9.999202e-01	-9.421828e-04
1.010800e-08	0.000000e+00	0.000000e+00	1.000000e+00	9.997734e-01	-1.085206e-03
1.012400e-08	0.000000e+00	0.000000e+00	1.000000e+00	9.995466e-01	-1.110483e-03
1.015600e-08	0.000000e+00	0.000000e+00	1.000000e+00	9.993580e-01	-4.702405e-04
1.020000e-08	0.000000e+00	0.000000e+00	1.000000e+00	9.993809e-01	2.449307e-04
1.020640e-08	0.000000e+00	0.000000e+00	1.000000e+00	9.994058e-01	2.843102e-04
1.021920e-08	0.000000e+00	0.000000e+00	1.000000e+00	9.994483e-01	3.431238e-04
1.024480e-08	0.000000e+00	0.000000e+00	1.000000e+00	9.995236e-01	3.895639e-04
1.029600e-08	0.000000e+00	0.000000e+00	1.000000e+00	9.996234e-01	3.685720e-04
1.039840e-08	0.000000e+00	0.000000e+00	1.000000e+00	9.997421e-01	1.288578e-04
1.060320e-08	0.000000e+00	0.000000e+00	1.000000e+00	9.998445e-01	3.135355e-05
1.101280e-08	0.000000e+00	0.000000e+00	1.000000e+00	9.998696e-01	-1.284865e-05
1.183200e-08	0.000000e+00	0.000000e+00	1.000000e+00	9.998664e-01	1.070917e-05
1.343200e-08	0.000000e+00	0.000000e+00	1.000000e+00	9.998683e-01	-8.862270e-06
1.500000e-08	0.000000e+00	0.000000e+00	1.000000e+00	9.998698e-01	1.073187e-05
1.501000e-08	0.000000e+00	1.000000e-01	1.000000e+00	1.000079e+00	3.580738e-04
1.503000e-08	0.000000e+00	3.000000e-01	1.000000e+00	1.000167e+00	7.985262e-04
1.507000e-08	0.000000e+00	7.000000e-01	1.000000e+00	9.898824e-01	9.733029e-04
1.510000e-08	0.000000e+00	1.000000e+00	1.000000e+00	9.698372e-01	6.022780e-04
1.510800e-08	0.000000e+00	1.000000e+00	1.000000e+00	9.656757e-01	3.410930e-04
1.512400e-08	0.000000e+00	1.000000e+00	1.000000e+00	9.598353e-01	-3.203449e-05
1.515600e-08	0.000000e+00	1.000000e+00	1.000000e+00	9.542255e-01	-3.657287e-04
1.522000e-08	0.000000e+00	1.000000e+00	1.000000e+00	9.508231e-01	-2.323883e-04
1.534800e-08	0.000000e+00	1.000000e+00	1.000000e+00	9.673481e-01	-1.350992e-04
1.560400e-08	0.000000e+00	1.000000e+00	1.000000e+00	1.011531e+00	-3.597447e-05
1.593893e-08	0.000000e+00	1.000000e+00	1.000000e+00	7.965986e-01	-5.249825e-05
1.659479e-08	0.000000e+00	1.000000e+00	1.000000e+00	5.936694e-02	-1.267383e-05
1.748771e-08	0.000000e+00	1.000000e+00	1.000000e+00	-3.506335e-02	8.609677e-05
1.865680e-08	0.000000e+00	1.000000e+00	1.000000e+00	2.618923e-02	-1.049219e-04
2.010000e-08	0.000000e+00	1.000000e+00	1.000000e+00	-1.982849e-02	1.102311e-04
2.011000e-08	0.000000e+00	9.000000e-01	9.000000e-01	-1.769128e-02	-6.244912e-05
2.013000e-08	0.000000e+00	7.000000e-01	7.000000e-01	-1.479186e-02	-5.026387e-04
2.017000e-08	0.000000e+00	3.000000e-01	3.000000e-01	-1.199827e-02	-7.888959e-04
2.020000e-08	0.000000e+00	0.000000e+00	0.000000e+00	-1.000924e-02	-6.947415e-04
2.020800e-08	0.000000e+00	0.000000e+00	0.000000e+00	-8.726616e-03	-2.573875e-04
2.022400e-08	0.000000e+00	0.000000e+00	0.000000e+00	-6.686270e-03	3.125284e-04
2.025600e-08	0.000000e+00	0.000000e+00	0.000000e+00	-3.248165e-03	5.203595e-04
2.032000e-08	0.000000e+00	0.000000e+00	0.000000e+00	-5.716252e-04	-8.929705e-05
2.044800e-08	0.000000e+00	0.000000e+00	0.000000e+00	-1.078497e-03	-8.689807e-04
2.070400e-08	0.000000e+00	0.000000e+00	0.000000e+00	-3.817997e-04	1.710823e-04
2.100959e-08	0.000000e+00	0.000000e+00	0.000000e+00	1.489052e-03	5.259076e-04
2.162076e-08	0.000000e+00	0.000000e+00	0.000000e+00	-7.236278e-04	-2.692708e-04
2.235310e-08	0.000000e+00	0.000000e+00	0.000000e+00	6.676003e-04	2.084436e-04
2.381776e-08	0.000000e+00	0.000000e+00	0.000000e+00	-5.192721e-04	-1.850170e-04
2.500000e-08	0.000000e+00	0.000000e+00	0.000000e+00	5.172887e-04	1.651432e-04
2.501000e-08	0.000000e+00	1.000000e-01	0.000000e+00	1.020708e-03	4.634038e-04
2.503000e-08	0.000000e+00	3.000000e-01	0.000000e+00	1.854813e-03	8.490817e-04
2.507000e-08	0.000000e+00	7.000000e-01	0.000000e+00	3.160820e-03	1.073244e-03
2.510000e-08	0.000000e+00	1.000000e+00	0.000000e+00	3.235954e-03	6.455930e-04
2.510800e-08	0.000000e+00	1.000000e+00	0.000000e+00	2.931799e-03	3.789420e-04
2.512400e-08	0.000000e+00	1.000000e+00	0.000000e+00	2.235726e-03	-3.317965e-06
2.515600e-08	0.000000e+00	1.000000e+00	0.000000e+00	1.072857e-03	-3.605222e-04
2.522000e-08	0.000000e+00	1.000000e+00	0.000000e+00	-1.205645e-04	-2.413705e-04
2.534800e-08	0.000000e+00	1.000000e+00	0.000000e+00	-7.327149e-04	-1.435383e-04
2.560400e-08	0.000000e+00	1.000000e+00	0.000000e+00	-3.572322e-04	-3.778723e-05
2.611600e-08	0.000000e+00	1.000000e+00	0.000000e+00	1.687088e-06	6.992136e-07
2.705621e-08	0.000000e+00	1.000000e+00	0.000000e+00	-6.635117e-06	1.629447e-06
2.865621e-08	0.000000e+00	1.000000e+00	0.000000e+00	1.613940e-05	-6.153213e-07
3.000000e-08	0.000000e+00	1.000000e+00	3.308722e-14	-5.089833e-06	1.495217e-06
3.001000e-08	0.000000e+00	1.000000e+00	1.000000e-01	3.040347e-04	1.154409e-05
3.003000e-08	0.000000e+00	1.000000e+00	3.000000e-01	7.031118e-04	8.550868e-06
3.007000e-08	0.000000e+00	1.000000e+00	7.000000e-01	3.820827e-04	-1.818903e-04
3.010000e-08	0.000000e+00	1.000000e+00	1.000000e+00	-1.021798e-03	-9.439126e-04
3.010800e-08	0.000000e+00	9.200000e-01	1.000000e+00	-1.718992e-03	-1.163564e-03
3.012400e-08	0.000000e+00	7.600000e-01	1.000000e+00	-2.759062e-03	-1.382438e-03
3.015600e-08	0.000000e+00	4.400000e-01	1.000000e+00	-3.896720e-03	-1.154755e-03
3.020000e-08	0.000000e+00	0.000000e+00	1.000000e+00	-4.423806e-03	-2.605040e-04
3.020640e-08	0.000000e+00	0.000000e+00	1.000000e+00	-3.957949e-03	5.858545e-05
3.021920e-08	0.000000e+00	0.000000e+00	1.000000e+00	-3.082837e-03	5.040414e-04
3.024480e-08	0.000000e+00	0.000000e+00	1.000000e+00	-1.642511e-03	8.045442e-04
3.029600e-08	0.000000e+00	0.000000e+00	1.000000e+00	2.741907e-04	6.491117e-04
3.039840e-08	0.000000e+00	0.000000e+00	1.000000e+00	1.566464e-03	2.019383e-04
3.060320e-08	0.000000e+00	0.000000e+00	1.000000e+00	6.807200e-04	-2.626092e-06
3.101280e-08	0.000000e+00	0.000000e+00	1.000000e+00	-8.093271e-05	8.182000e-07
3.183200e-08	0.000000e+00	0.000000e+00	1.000000e+00	-1.525076e-05	2.660050e-07
3.343200e-08	0.000000e+00	0.000000e+00	1.000000e+00	4.526343e-05	1.131583e-06
3.500000e-08	0.000000e+00	0.000000e+00	1.000000e+00	-2.208803e-05	-1.210891e-07
3.501000e-08	1.000000e-01	1.000000e-01	1.000000e+00	8.883405e-04	3.158690e-04
3.503000e-08	3.000000e-01	3.000000e-01	1.000000e+00	2.335472e-03	7.162038e-04
3.507000e-08	7.000000e-01	7.000000e-01	1.000000e+00	4.691445e-03	9.318678e-04
3.510000e-08	1.000000e+00	1.000000e+00	1.000000e+00	4.330528e-03	4.154902e-04
3.510800e-08	1.000000e+00	1.000000e+00	1.000000e+00	3.061619e-03	1.648259e-04
3.512400e-08	1.000000e+00	1.000000e+00	1.000000e+00	3.864547e-04	-1.945491e-04
3.515600e-08	1.000000e+00	1.000000e+00	1.000000e+00	-4.994592e-03	-4.652858e-04
3.522000e-08	1.000000e+00	1.000000e+00	1.000000e+00	-1.312592e-02	-2.538441e-04
3.534800e-08	1.000000e+00	1.000000e+00	1.000000e+00	-9.427560e-03	-6.852808e-05
3.560400e-08	1.000000e+00	1.000000e+00	1.000000e+00	1.428748e-01	5.576948e-05
3.611600e-08	1.000000e+00	1.000000e+00	1.000000e+00	7.276734e-01	3.031570e-05
3.681931e-08	1.000000e+00	1.000000e+00	1.000000e+00	1.022115e+00	-1.109319e-04
3.770665e-08	1.000000e+00	1.000000e+00	1.000000e+00	9.901844e-01	9.886817e-05
3.929489e-08	1.000000e+00	1.000000e+00	1.000000e+00	1.005291e+00	-8.952582e-05
4.010000e-08	1.000000e+00	1.000000e+00	1.000000e+00	9.991819e-01	7.888013e-05
4.011000e-08	1.000000e+00	9.000000e-01	9.000000e-01	9.981592e-01	-9.662669e-05
4.013000e-08	1.000000e+00	7.000000e-01	7.000000e-01	9.963522e-01	-5.792537e-04
4.017000e-08	1.000000e+00	3.000000e-01	3.000000e-01	9.950075e-01	-9.484457e-04
4.020000e-08	1.000000e+00	0.000000e+00	0.000000e+00	9.969618e-01	-6.158020e-04
4.020800e-08	1.000000e+00	0.000000e+00	0.000000e+00	9.983870e-01	-2.005739e-04
4.022400e-08	1.000000e+00	0.000000e+00	0.000000e+00	1.001094e+00	3.448859e-04
4.025600e-08	1.000000e+00	0.000000e+00	0.000000e+00	1.005409e+00	5.487161e-04
4.032000e-08	1.000000e+00	0.000000e+00	0.000000e+00	1.004927e+00	-2.751721e-04
4.044800e-08	1.000000e+00	0.000000e+00	0.000000e+00	9.757946e-01	-2.193383e-03
4.070400e-08	1.000000e+00	0.000000e+00	0.000000e+00	9.360830e-01	-8.041491e-04
4.120078e-08	1.000000e+00	0.000000e+00	0.000000e+00	9.805282e-01	1.976492e-03
4.206848e-08	1.000000e+00	0.000000e+00	0.000000e+00	1.003984e+00	-6.499693e-04
4.321396e-08	1.000000e+00	0.000000e+00	0.000000e+00	9.970480e-01	4.614256e-04
4.481396e-08	1.000000e+00	0.000000e+00	0.000000e+00	1.000649e+00	-3.771689e-04
4.500000e-08	1.000000e+00	0.000000e+00	0.000000e+00	1.000041e+00	1.716006e-04
4.501000e-08	1.000000e+00	1.000000e-01	0.000000e+00	1.000256e+00	5.018011e-04
4.503000e-08	1.000000e+00	3.000000e-01	0.000000e+00	1.000098e+00	9.456512e-04
4.507000e-08	1.000000e+00	7.000000e-01	0.000000e+00	9.884511e-01	1.213277e-03
4.510000e-08	1.000000e+00	1.000000e+00	0.000000e+00	9.697991e-01	1.104598e-03
4.510800e-08	9.200000e-01	1.000000e+00	0.000000e+00	9.659257e-01	6.746715e-04
4.512400e-08	7.600000e-01	1.000000e+00	0.000000e+00	9.603919e-01	-2.199196e-04
4.515600e-08	4.400000e-01	1.000000e+00	0.000000e+00	9.564382e-01	-2.468883e-03
4.520000e-08	0.000000e+00	1.000000e+00	0.000000e+00	9.581560e-01	-5.739012e-03
4.520640e-08	0.000000e+00	1.000000e+00	0.000000e+00	9.589231e-01	-6.129407e-03
4.521920e-08	0.000000e+00	1.000000e+00	0.000000e+00	9.605164e-01	-6.841529e-03
4.524480e-08	0.000000e+00	1.000000e+00	0.000000e+00	9.638341e-01	-7.899283e-03
4.529600e-08	0.000000e+00	1.000000e+00	0.000000e+00	9.700660e-01	-7.764945e-03
4.539840e-08	0.000000e+00	1.000000e+00	0.000000e+00	9.778477e-01	1.209496e-02
4.560320e-08	0.000000e+00	1.000000e+00	0.000000e+00	9.831213e-01	3.117271e-01
4.601280e-08	0.000000e+00	1.000000e+00	0.000000e+00	9.930717e-01	9.301458e-01
4.666305e-08	0.000000e+00	1.000000e+00	0.000000e+00	1.000643e+00	1.030775e+00
4.771949e-08	0.000000e+00	1.000000e+00	0.000000e+00	9.990081e-01	9.790628e-01
4.905247e-08	0.000000e+00	1.000000e+00	0.000000e+00	9.999968e-01	1.014440e+00
5.000000e-08	0.000000e+00	1.000000e+00	0.000000e+00	9.994266e-01	9.906407e-01
5.001000e-08	0.000000e+00	1.000000e+00	1.000000e-01	9.996258e-01	9.914291e-01
5.003000e-08	0.000000e+00	1.000000e+00	3.000000e-01	9.998632e-01	9.928033e-01
5.007000e-08	0.000000e+00	1.000000e+00	7.000000e-01	9.992771e-01	9.941336e-01
5.010000e-08	0.000000e+00	1.000000e+00	1.000000e+00	9.977943e-01	9.938079e-01
5.010800e-08	0.000000e+00	9.200000e-01	1.000000e+00	9.970191e-01	9.936668e-01
5.012400e-08	0.000000e+00	7.600000e-01	1.000000e+00	9.958547e-01	9.938302e-01
5.015600e-08	0.000000e+00	4.400000e-01	1.000000e+00	9.949466e-01	9.968614e-01
5.020000e-08	0.000000e+00	0.000000e+00	1.000000e+00	9.945341e-01	1.007366e+00
5.020640e-08	0.000000e+00	0.000000e+00	1.000000e+00	9.948827e-01	1.009223e+00
5.021920e-08	0.000000e+00	0.000000e+00	1.000000e+00	9.956198e-01	1.012413e+00
5.024480e-08	0.000000e+00	0.000000e+00	1.000000e+00	9.970240e-01	1.013518e+00
5.029600e-08	0.000000e+00	0.000000e+00	1.000000e+00	9.992295e-01	9.718459e-01
5.039840e-08	0.000000e+00	0.000000e+00	1.000000e+00	1.001946e+00	5.020254e-01
5.060320e-08	0.000000e+00	0.000000e+00	1.000000e+00	1.002639e+00	-2.833543e-02
5.084546e-08	0.000000e+00	0.000000e+00	1.000000e+00	1.001206e+00	2.016154e-02
5.132999e-08	0.000000e+00	0.000000e+00	1.000000e+00	9.997884e-01	-1.630378e-02
5.178947e-08	0.000000e+00	0.000000e+00	1.000000e+00	9.998383e-01	1.356896e-02
5.270845e-08	0.000000e+00	0.000000e+00	1.000000e+00	9.998328e-01	-1.215510e-02
5.430845e-08	0.000000e+00	0.000000e+00	1.000000e+00	9.998440e-01	1.161244e-02
5.500000e-08	0.000000e+00	0.000000e+00	1.000000e+00	9.998368e-01	-1.009522e-02
5.501000e-08	0.000000e+00	1.000000e-01	1.000000e+00	1.000358e+00	-6.676745e-03
5.503000e-08	0.000000e+00	3.000000e-01	1.000000e+00	1.001715e+00	-1.684790e-03
5.507000e-08	0.000000e+00	7.000000e-01	1.000000e+00	1.003900e+00	9.275004e-04
5.510000e-08	0.000000e+00	1.000000e+00	1.000000e+00	1.004250e+00	6.087634e-04
5.510800e-08	0.000000e+00	1.000000e+00	1.000000e+00	1.003762e+00	3.508425e-04
5.512400e-08	0.000000e+00	1.000000e+00	1.000000e+00	1.002947e+00	-2.068843e-05
5.515600e-08	0.000000e+00	1.000000e+00	1.000000e+00	1.001827e+00	-3.584949e-04
5.522000e-08	0.000000e+00	1.000000e+00	1.000000e+00	1.001460e+00	-2.403741e-04
5.534800e-08	0.000000e+00	1.000000e+00	1.000000e+00	1.005406e+00	-1.437971e-04
5.560400e-08	0.000000e+00	1.000000e+00	1.000000e+00	1.023571e+00	-3.758112e-05
5.611600e-08	0.000000e+00	1.000000e+00	1.000000e+00	4.118779e-01	-8.240380e-05
5.691713e-08	0.000000e+00	1.000000e+00	1.000000e+00	-1.148528e-01	1.105785e-04
5.769060e-08	0.000000e+00	1.000000e+00	1.000000e+00	7.480634e-02	-5.351468e-05
5.901225e-08	0.000000e+00	1.000000e+00	1.000000e+00	-5.161954e-02	2.345245e-05
6.010000e-08	0.000000e+00	1.000000e+00	1.000000e+00	3.763032e-02	9.097346e-06
6.011000e-08	0.000000e+00	9.000000e-01	9.000000e-01	3.357499e-02	-1.680496e-04
6.013000e-08	0.000000e+00	7.000000e-01	7.000000e-01	2.597143e-02	-5.964986e-04
6.017000e-08	0.000000e+00	3.000000e-01	3.000000e-01	1.458171e-02	-8.388623e-04
6.020000e-08	0.000000e+00	6.550316e-14	0.000000e+00	9.260695e-03	-4.877124e-04
6.020800e-08	0.000000e+00	0.000000e+00	0.000000e+00	9.077237e-03	-1.074211e-04
6.022400e-08	0.000000e+00	0.000000e+00	0.000000e+00	8.637760e-03	3.813593e-04
6.025600e-08	0.000000e+00	0.000000e+00	0.000000e+00	7.633410e-03	5.739276e-04
6.032000e-08	0.000000e+00	0.000000e+00	0.000000e+00	5.027654e-03	5.318313e-05
6.044800e-08	0.000000e+00	0.000000e+00	0.000000e+00	8.654906e-04	-8.361753e-04
6.070400e-08	0.000000e+00	0.000000e+00	0.000000e+00	-1.374955e-04	6.233866e-05
6.107329e-08	0.000000e+00	0.000000e+00	0.000000e+00	1.133752e-03	5.298847e-04
6.178855e-08	0.000000e+00	0.000000e+00	0.000000e+00	-5.250756e-04	-3.288966e-04
6.283700e-08	0.000000e+00	0.000000e+00	0.000000e+00	4.676067e-04	2.728982e-04
6.443700e-08	0.000000e+00	0.000000e+00	0.000000e+00	-3.546027e-04	-2.432084e-04
6.500000e-08	0.000000e+00	0.000000e+00	0.000000e+00	2.953653e-04	1.880522e-04
6.501000e-08	0.000000e+00	1.000000e-01	0.000000e+00	7.052604e-04	4.792278e-04
6.503000e-08	0.000000e+00	3.000000e-01	0.000000e+00	1.804253e-03	8.551455e-04
6.507000e-08	0.000000e+00	7.000000e-01	0.000000e+00	3.155658e-03	1.068903e-03
6.510000e-08	0.000000e+00	1.000000e+00	0.000000e+00	3.239279e-03	6.445343e-04
6.510800e-08	0.000000e+00	1.000000e+00	0.000000e+00	2.942862e-03	3.781445e-04
6.512400e-08	0.000000e+00	1.000000e+00	0.000000e+00	2.246952e-03	-3.900785e-06
6.515600e-08	0.000000e+00	1.000000e+00	0.000000e+00	1.085432e-03	-3.609891e-04
6.522000e-08	0.000000e+00	1.000000e+00	0.000000e+00	-1.094733e-04	-2.420777e-04
6.534800e-08	0.000000e+00	1.000000e+00	0.000000e+00	-7.281034e-04	-1.440872e-04
6.560400e-08	0.000000e+00	1.000000e+00	0.000000e+00	-3.586223e-04	-3.747542e-05
6.611600e-08	0.000000e+00	1.000000e+00	0.000000e+00	2.523975e-07	5.385856e-07
6.705604e-08	0.000000e+00	1.000000e+00	0.000000e+00	-7.132082e-06	1.672235e-06
6.865604e-08	0.000000e+00	1.000000e+00	0.000000e+00	1.596050e-05	-6.505631e-07
7.000000e-08	0.000000e+00	1.000000e+00	0.000000e+00	-5.212023e-06	1.562782e-06
7.001000e-08	0.000000e+00	1.000000e+00	1.000000e-01	3.047415e-04	1.286750e-05
7.003000e-08	0.000000e+00	1.000000e+00	3.000000e-01	7.031552e-04	9.873020e-06
7.007000e-08	0.000000e+00	1.000000e+00	7.000000e-01	3.821146e-04	-1.806009e-04
7.010000e-08	0.000000e+00	1.000000e+00	1.000000e+00	-1.021204e-03	-9.432598e-04
7.010800e-08	0.000000e+00	9.200000e-01	1.000000e+00	-1.718635e-03	-1.163249e-03
7.012400e-08	0.000000e+00	7.600000e-01	1.000000e+00	-2.758981e-03	-1.382682e-03
7.015600e-08	0.000000e+00	4.400000e-01	1.000000e+00	-3.896643e-03	-1.155132e-03
7.020000e-08	0.000000e+00	6.550316e-14	1.000000e+00	-4.423523e-03	-2.605394e-04
7.020640e-08	0.000000e+00	0.000000e+00	1.000000e+00	-3.957190e-03	5.859367e-05
7.021920e-08	0.000000e+00	0.000000e+00	1.000000e+00	-3.082330e-03	5.041092e-04
7.024480e-08	0.000000e+00	0.000000e+00	1.000000e+00	-1.642335e-03	8.046699e-04
7.029600e-08	0.000000e+00	0.000000e+00	1.000000e+00	2.739409e-04	6.492345e-04
7.039840e-08	0.000000e+00	0.000000e+00	1.000000e+00	1.566049e-03	2.019841e-04
7.060320e-08	0.000000e+00	0.000000e+00	1.000000e+00	6.805460e-04	-2.628427e-06
7.101280e-08	0.000000e+00	0.000000e+00	1.000000e+00	-8.091042e-05	8.194495e-07
7.183200e-08	0.000000e+00	0.000000e+00	1.000000e+00	-1.523828e-05	2.648892e-07
7.343200e-08	0.000000e+00	0.000000e+00	1.000000e+00	4.525338e-05	1.133000e-06
7.500000e-08	0.000000e+00	0.000000e+00	1.000000e+00	-2.207887e-05	-1.223957e-07
7.501000e-08	0.000000e+00	1.000000e-01	1.000000e+00	6.271814e-04	3.150389e-04
7.503000e-08	0.000000e+00	3.000000e-01	1.000000e+00	1.673165e-03	7.147588e-04
7.507000e-08	0.000000e+00	7.000000e-01	1.000000e+00	3.083077e-03	9.295066e-04
7.510000e-08	0.000000e+00	1.000000e+00	1.000000e+00	3.260052e-03	4.170423e-04
7.510800e-08	0.000000e+00	1.000000e+00	1.000000e+00	2.756871e-03	1.689737e-04
7.512400e-08	0.000000e+00	1.000000e+00	1.000000e+00	1.828461e-03	-1.856619e-04
7.515600e-08	0.000000e+00	1.000000e+00	1.000000e+00	4.264931e-04	-4.532667e-04
7.522000e-08	0.000000e+00	1.000000e+00	1.000000e+00	-1.305508e-03	-2.483904e-04
7.534800e-08	0.000000e+00	1.000000e+00	1.000000e+00	-1.323846e-03	-8.238830e-05
7.560400e-08	0.000000e+00	1.000000e+00	1.000000e+00	-1.922155e-04	2.042271e-06
7.611600e-08	0.000000e+00	1.000000e+00	1.000000e+00	2.459512e-04	-6.179730e-07
7.705926e-08	0.000000e+00	1.000000e+00	1.000000e+00	-1.212971e-04	1.039883e-06
7.821738e-08	0.000000e+00	1.000000e+00	1.000000e+00	8.924019e-05	-4.463609e-07
7.981738e-08	0.000000e+00	1.000000e+00	1.000000e+00	-5.738576e-05	6.160993e-07
8.000000e-08	0.000000e+00	1.000000e+00	1.000000e+00	4.235969e-05	-2.656586e-06
