time (time)	v(in) (voltage)	v(sel) (voltage)	v(rw) (voltage)	v(yyyy_latch) (voltage)	v(yyyy_cell) (voltage)
0.000000e+00	0.000000e+00	0.000000e+00	0.000000e+00	9.999902e-01	1.458422e-07
1.000000e-12	0.000000e+00	0.000000e+00	0.000000e+00	9.999894e-01	-1.373327e-07
2.000000e-12	0.000000e+00	0.000000e+00	0.000000e+00	9.999894e-01	-3.362640e-07
4.000000e-12	0.000000e+00	0.000000e+00	0.000000e+00	9.999921e-01	-7.018464e-07
8.000000e-12	0.000000e+00	0.000000e+00	0.000000e+00	9.999992e-01	-9.196116e-07
1.600000e-11	0.000000e+00	0.000000e+00	0.000000e+00	1.000001e+00	-8.694778e-07
3.200000e-11	0.000000e+00	0.000000e+00	0.000000e+00	1.000001e+00	-8.363316e-07
6.400000e-11	0.000000e+00	0.000000e+00	0.000000e+00	1.000001e+00	-5.313235e-07
1.280000e-10	0.000000e+00	0.000000e+00	0.000000e+00	9.999996e-01	-2.965145e-07
2.560000e-10	0.000000e+00	0.000000e+00	0.000000e+00	9.999965e-01	-8.008153e-08
5.120000e-10	0.000000e+00	0.000000e+00	0.000000e+00	9.999931e-01	5.862389e-09
1.024000e-09	0.000000e+00	0.000000e+00	0.000000e+00	9.999906e-01	9.776012e-08
2.048000e-09	0.000000e+00	0.000000e+00	0.000000e+00	9.999891e-01	9.759333e-08
3.648000e-09	0.000000e+00	0.000000e+00	0.000000e+00	9.999930e-01	1.398318e-07
5.248000e-09	0.000000e+00	0.000000e+00	0.000000e+00	9.999889e-01	1.105401e-07
6.848000e-09	0.000000e+00	0.000000e+00	0.000000e+00	9.999923e-01	1.387505e-07
8.448000e-09	0.000000e+00	0.000000e+00	0.000000e+00	9.999898e-01	1.115171e-07
1.000000e-08	0.000000e+00	0.000000e+00	0.000000e+00	9.999917e-01	1.371700e-07
1.001000e-08	0.000000e+00	0.000000e+00	1.000000e-01	1.000101e+00	1.674390e-05
1.003000e-08	0.000000e+00	0.000000e+00	3.000000e-01	1.000270e+00	2.835081e-05
1.007000e-08	0.000000e+00	0.000000e+00	7.000000e-01	1.000412e+00	-7.642708e-05
1.010000e-08	0.000000e+00	0.000000e+00	1.000000e+00	1.000223e+00	-4.613766e-04
1.010800e-08	0.000000e+00	0.000000e+00	1.000000e+00	1.000091e+00	-6.749012e-04
1.012400e-08	0.000000e+00	0.000000e+00	1.000000e+00	9.998692e-01	-1.014167e-03
1.015600e-08	0.000000e+00	0.000000e+00	1.000000e+00	9.996301e-01	-1.044389e-03
1.020000e-08	0.000000e+00	0.000000e+00	1.000000e+00	9.995887e-01	-2.793248e-04
1.020640e-08	0.000000e+00	0.000000e+00	1.000000e+00	9.996099e-01	-1.781831e-04
1.021920e-08	0.000000e+00	0.000000e+00	1.000000e+00	9.996591e-01	2.922437e-05
1.024480e-08	0.000000e+00	0.000000e+00	1.000000e+00	9.997337e-01	2.603399e-04
1.029600e-08	0.000000e+00	0.000000e+00	1.000000e+00	9.998469e-01	4.333735e-04
1.039840e-08	0.000000e+00	0.000000e+00	1.000000e+00	9.999721e-01	2.955801e-04
1.060320e-08	0.000000e+00	0.000000e+00	1.000000e+00	1.000028e+00	2.356025e-06
1.101280e-08	0.000000e+00	0.000000e+00	1.000000e+00	9.999917e-01	2.838123e-07
1.183200e-08	0.000000e+00	0.000000e+00	1.000000e+00	9.999915e-01	-6.942621e-07
1.343200e-08	0.000000e+00	0.000000e+00	1.000000e+00	9.999912e-01	1.025963e-06
1.500000e-08	0.000000e+00	0.000000e+00	1.000000e+00	9.999915e-01	-7.192240e-07
1.501000e-08	0.000000e+00	1.000000e-01	1.000000e+00	1.000206e+00	3.779572e-04
1.503000e-08	0.000000e+00	3.000000e-01	1.000000e+00	1.000489e+00	9.138358e-04
1.507000e-08	0.000000e+00	7.000000e-01	1.000000e+00	9.975787e-01	1.386605e-03
1.510000e-08	0.000000e+00	1.000000e+00	1.000000e+00	9.836831e-01	9.001155e-04
1.510800e-08	0.000000e+00	1.000000e+00	1.000000e+00	9.793515e-01	6.000936e-04
1.512400e-08	0.000000e+00	1.000000e+00	1.000000e+00	9.727537e-01	1.290118e-04
1.515600e-08	0.000000e+00	1.000000e+00	1.000000e+00	9.676756e-01	-4.013672e-04
1.522000e-08	0.000000e+00	1.000000e+00	1.000000e+00	9.677362e-01	-4.063175e-04
1.534800e-08	0.000000e+00	1.000000e+00	1.000000e+00	9.741503e-01	-1.878529e-04
1.560400e-08	0.000000e+00	1.000000e+00	1.000000e+00	1.004383e+00	-3.538300e-05
1.611600e-08	0.000000e+00	1.000000e+00	1.000000e+00	7.378711e-01	-3.127871e-05
1.668430e-08	0.000000e+00	1.000000e+00	1.000000e+00	1.211234e-01	-3.274439e-05
1.782090e-08	0.000000e+00	1.000000e+00	1.000000e+00	-6.327946e-02	1.012182e-04
1.905699e-08	0.000000e+00	1.000000e+00	1.000000e+00	4.270235e-02	-1.225806e-04
2.010000e-08	0.000000e+00	1.000000e+00	1.000000e+00	-2.463986e-02	1.244365e-04
2.011000e-08	0.000000e+00	9.000000e-01	9.000000e-01	-2.229526e-02	-3.480358e-05
2.013000e-08	0.000000e+00	7.000000e-01	7.000000e-01	-1.907678e-02	-5.043824e-04
2.017000e-08	0.000000e+00	3.000000e-01	3.000000e-01	-1.608875e-02	-9.554547e-04
2.020000e-08	0.000000e+00	0.000000e+00	0.000000e+00	-1.373298e-02	-8.170336e-04
2.020800e-08	0.000000e+00	0.000000e+00	0.000000e+00	-1.243259e-02	-3.572945e-04
2.022400e-08	0.000000e+00	0.000000e+00	0.000000e+00	-1.032954e-02	2.966539e-04
2.025600e-08	0.000000e+00	0.000000e+00	0.000000e+00	-6.581948e-03	6.791660e-04
2.032000e-08	0.000000e+00	0.000000e+00	0.000000e+00	-2.916643e-03	8.142440e-05
2.044800e-08	0.000000e+00	0.000000e+00	0.000000e+00	-1.777612e-03	-1.154677e-03
2.070400e-08	0.000000e+00	0.000000e+00	0.000000e+00	-3.321799e-04	1.896001e-04
2.108117e-08	0.000000e+00	0.000000e+00	0.000000e+00	1.559187e-03	6.705837e-04
2.183550e-08	0.000000e+00	0.000000e+00	0.000000e+00	-6.666883e-04	-5.038560e-04
2.276501e-08	0.000000e+00	0.000000e+00	0.000000e+00	4.452424e-04	4.256568e-04
2.436501e-08	0.000000e+00	0.000000e+00	0.000000e+00	-3.010706e-04	-3.829498e-04
2.500000e-08	0.000000e+00	0.000000e+00	0.000000e+00	2.182111e-04	3.000561e-04
2.501000e-08	0.000000e+00	1.000000e-01	0.000000e+00	6.323477e-04	6.094191e-04
2.503000e-08	0.000000e+00	3.000000e-01	0.000000e+00	1.770839e-03	1.039049e-03
2.507000e-08	0.000000e+00	7.000000e-01	0.000000e+00	3.099329e-03	1.377195e-03
2.510000e-08	0.000000e+00	1.000000e+00	0.000000e+00	3.332284e-03	9.074460e-04
2.510800e-08	0.000000e+00	1.000000e+00	0.000000e+00	3.081939e-03	6.099891e-04
2.512400e-08	0.000000e+00	1.000000e+00	0.000000e+00	2.389622e-03	1.418462e-04
2.515600e-08	0.000000e+00	1.000000e+00	0.000000e+00	1.426202e-03	-3.920876e-04
2.522000e-08	0.000000e+00	1.000000e+00	0.000000e+00	-4.067422e-05	-4.137607e-04
2.534800e-08	0.000000e+00	1.000000e+00	0.000000e+00	-9.894490e-04	-1.976724e-04
2.560400e-08	0.000000e+00	1.000000e+00	0.000000e+00	-4.235783e-04	-3.518225e-05
2.611600e-08	0.000000e+00	1.000000e+00	0.000000e+00	-7.131222e-06	5.985630e-06
2.708300e-08	0.000000e+00	1.000000e+00	0.000000e+00	6.891806e-06	-2.388581e-06
2.868300e-08	0.000000e+00	1.000000e+00	0.000000e+00	4.409816e-06	2.031937e-06
3.000000e-08	0.000000e+00	1.000000e+00	3.308722e-14	4.556171e-06	-2.248567e-06
3.001000e-08	0.000000e+00	1.000000e+00	1.000000e-01	2.928718e-04	-1.370765e-06
3.003000e-08	0.000000e+00	1.000000e+00	3.000000e-01	7.040861e-04	-5.527503e-06
3.007000e-08	0.000000e+00	1.000000e+00	7.000000e-01	8.386878e-04	-1.039827e-04
3.010000e-08	0.000000e+00	1.000000e+00	1.000000e+00	-1.857845e-04	-4.896892e-04
3.010800e-08	0.000000e+00	9.200000e-01	1.000000e+00	-8.008757e-04	-7.774404e-04
3.012400e-08	0.000000e+00	7.600000e-01	1.000000e+00	-1.818426e-03	-1.330888e-03
3.015600e-08	0.000000e+00	4.400000e-01	1.000000e+00	-3.890620e-03	-1.815597e-03
3.020000e-08	0.000000e+00	0.000000e+00	1.000000e+00	-4.956886e-03	-9.434834e-04
3.020640e-08	0.000000e+00	0.000000e+00	1.000000e+00	-4.551971e-03	-5.256839e-04
3.021920e-08	0.000000e+00	0.000000e+00	1.000000e+00	-3.978935e-03	1.256195e-04
3.024480e-08	0.000000e+00	0.000000e+00	1.000000e+00	-2.636137e-03	7.634180e-04
3.029600e-08	0.000000e+00	0.000000e+00	1.000000e+00	-5.150474e-04	9.235555e-04
3.039840e-08	0.000000e+00	0.000000e+00	1.000000e+00	7.982576e-04	3.612317e-04
3.060320e-08	0.000000e+00	0.000000e+00	1.000000e+00	7.552180e-04	-5.894766e-05
3.101280e-08	0.000000e+00	0.000000e+00	1.000000e+00	-4.276200e-05	2.975624e-05
3.180323e-08	0.000000e+00	0.000000e+00	1.000000e+00	1.058017e-04	-2.179172e-05
3.338409e-08	0.000000e+00	0.000000e+00	1.000000e+00	-3.258040e-05	1.894979e-05
3.498409e-08	0.000000e+00	0.000000e+00	1.000000e+00	2.815076e-05	-1.602138e-05
3.500000e-08	0.000000e+00	0.000000e+00	1.000000e+00	-7.940712e-05	1.003340e-05
3.501000e-08	1.000000e-01	1.000000e-01	1.000000e+00	7.281944e-04	3.629213e-04
3.503000e-08	3.000000e-01	3.000000e-01	1.000000e+00	2.426539e-03	8.060952e-04
3.507000e-08	7.000000e-01	7.000000e-01	1.000000e+00	5.120552e-03	1.028833e-03
3.510000e-08	1.000000e+00	1.000000e+00	1.000000e+00	6.179560e-03	5.380482e-04
3.510800e-08	1.000000e+00	1.000000e+00	1.000000e+00	5.544677e-03	2.688407e-04
3.512400e-08	1.000000e+00	1.000000e+00	1.000000e+00	4.394576e-03	-1.453936e-04
3.515600e-08	1.000000e+00	1.000000e+00	1.000000e+00	1.099570e-03	-5.572925e-04
3.522000e-08	1.000000e+00	1.000000e+00	1.000000e+00	-5.643346e-03	-3.990043e-04
3.534800e-08	1.000000e+00	1.000000e+00	1.000000e+00	-1.363019e-02	-8.150986e-05
3.560400e-08	1.000000e+00	1.000000e+00	1.000000e+00	3.040271e-02	3.741103e-05
3.611600e-08	1.000000e+00	1.000000e+00	1.000000e+00	5.189569e-01	6.636072e-05
3.702427e-08	1.000000e+00	1.000000e+00	1.000000e+00	1.014508e+00	-1.228454e-04
3.795961e-08	1.000000e+00	1.000000e+00	1.000000e+00	9.869091e-01	1.096128e-04
3.955961e-08	1.000000e+00	1.000000e+00	1.000000e+00	1.012352e+00	-1.004044e-04
4.010000e-08	1.000000e+00	1.000000e+00	1.000000e+00	9.919480e-01	1.069418e-04
4.011000e-08	1.000000e+00	9.000000e-01	9.000000e-01	9.921979e-01	7.145716e-05
4.013000e-08	1.000000e+00	7.000000e-01	7.000000e-01	9.926307e-01	-5.232543e-04
4.017000e-08	1.000000e+00	3.000000e-01	3.000000e-01	9.944133e-01	-1.140059e-03
4.020000e-08	1.000000e+00	0.000000e+00	0.000000e+00	9.983291e-01	-7.912208e-04
4.020800e-08	1.000000e+00	0.000000e+00	0.000000e+00	1.000049e+00	-3.303867e-04
4.022400e-08	1.000000e+00	0.000000e+00	0.000000e+00	1.003273e+00	3.360622e-04
4.025600e-08	1.000000e+00	0.000000e+00	0.000000e+00	1.007258e+00	7.492558e-04
4.032000e-08	1.000000e+00	0.000000e+00	0.000000e+00	1.002374e+00	-4.807161e-05
4.044800e-08	1.000000e+00	0.000000e+00	0.000000e+00	9.651870e-01	-2.679019e-03
4.070400e-08	1.000000e+00	0.000000e+00	0.000000e+00	9.328247e-01	-1.146839e-03
4.121082e-08	1.000000e+00	0.000000e+00	0.000000e+00	9.922721e-01	2.319219e-03
4.200346e-08	1.000000e+00	0.000000e+00	0.000000e+00	1.002166e+00	-9.223906e-04
4.317381e-08	1.000000e+00	0.000000e+00	0.000000e+00	9.979414e-01	6.609989e-04
4.477381e-08	1.000000e+00	0.000000e+00	0.000000e+00	1.000638e+00	-5.138528e-04
4.500000e-08	1.000000e+00	0.000000e+00	0.000000e+00	9.998915e-01	1.574132e-04
4.501000e-08	1.000000e+00	1.000000e-01	0.000000e+00	1.000118e+00	5.411956e-04
4.503000e-08	1.000000e+00	3.000000e-01	0.000000e+00	1.000317e+00	1.112771e-03
4.507000e-08	1.000000e+00	7.000000e-01	0.000000e+00	9.945057e-01	1.643057e-03
4.510000e-08	1.000000e+00	1.000000e+00	0.000000e+00	9.816630e-01	1.687445e-03
4.510800e-08	9.200000e-01	1.000000e+00	0.000000e+00	9.781329e-01	1.327142e-03
4.512400e-08	7.600000e-01	1.000000e+00	0.000000e+00	9.728143e-01	7.134724e-04
4.515600e-08	4.400000e-01	1.000000e+00	0.000000e+00	9.689317e-01	-4.197609e-04
4.520000e-08	0.000000e+00	1.000000e+00	0.000000e+00	9.699173e-01	-2.219226e-03
4.520640e-08	0.000000e+00	1.000000e+00	0.000000e+00	9.704283e-01	-2.537034e-03
4.521920e-08	0.000000e+00	1.000000e+00	0.000000e+00	9.714508e-01	-3.177536e-03
4.524480e-08	0.000000e+00	1.000000e+00	0.000000e+00	9.737609e-01	-4.623114e-03
4.529600e-08	0.000000e+00	1.000000e+00	0.000000e+00	9.786097e-01	-6.433604e-03
4.539840e-08	0.000000e+00	1.000000e+00	0.000000e+00	9.865192e-01	-7.086600e-03
4.560320e-08	0.000000e+00	1.000000e+00	0.000000e+00	9.927507e-01	5.716226e-02
4.601280e-08	0.000000e+00	1.000000e+00	0.000000e+00	9.935115e-01	7.414684e-01
4.683200e-08	0.000000e+00	1.000000e+00	0.000000e+00	9.997872e-01	1.097367e+00
4.762295e-08	0.000000e+00	1.000000e+00	0.000000e+00	1.000022e+00	9.339165e-01
4.920484e-08	0.000000e+00	1.000000e+00	0.000000e+00	9.995200e-01	1.049326e+00
5.000000e-08	0.000000e+00	1.000000e+00	0.000000e+00	9.999218e-01	9.675866e-01
5.001000e-08	0.000000e+00	1.000000e+00	1.000000e-01	1.000010e+00	9.708466e-01
5.003000e-08	0.000000e+00	1.000000e+00	3.000000e-01	1.000140e+00	9.766827e-01
5.007000e-08	0.000000e+00	1.000000e+00	7.000000e-01	9.999271e-01	9.847609e-01
5.010000e-08	0.000000e+00	1.000000e+00	1.000000e+00	9.989270e-01	9.878580e-01
5.010800e-08	0.000000e+00	9.200000e-01	1.000000e+00	9.982611e-01	9.882988e-01
5.012400e-08	0.000000e+00	7.600000e-01	1.000000e+00	9.970726e-01	9.892857e-01
5.015600e-08	0.000000e+00	4.400000e-01	1.000000e+00	9.955496e-01	9.926901e-01
5.020000e-08	0.000000e+00	0.000000e+00	1.000000e+00	9.950274e-01	1.003470e+00
5.020640e-08	0.000000e+00	0.000000e+00	1.000000e+00	9.953662e-01	1.005787e+00
5.021920e-08	0.000000e+00	0.000000e+00	1.000000e+00	9.960638e-01	1.010172e+00
5.024480e-08	0.000000e+00	0.000000e+00	1.000000e+00	9.973351e-01	1.016616e+00
5.029600e-08	0.000000e+00	0.000000e+00	1.000000e+00	9.997427e-01	1.003385e+00
5.039840e-08	0.000000e+00	0.000000e+00	1.000000e+00	1.002484e+00	6.978097e-01
5.060320e-08	0.000000e+00	0.000000e+00	1.000000e+00	1.002380e+00	4.036076e-02
5.091817e-08	0.000000e+00	0.000000e+00	1.000000e+00	1.000189e+00	-2.255327e-02
5.136915e-08	0.000000e+00	0.000000e+00	1.000000e+00	9.997478e-01	1.705669e-02
5.196905e-08	0.000000e+00	0.000000e+00	1.000000e+00	9.998700e-01	-1.335066e-02
5.316885e-08	0.000000e+00	0.000000e+00	1.000000e+00	9.998446e-01	1.209687e-02
5.476885e-08	0.000000e+00	0.000000e+00	1.000000e+00	9.998868e-01	-1.101377e-02
5.500000e-08	0.000000e+00	0.000000e+00	1.000000e+00	9.998810e-01	6.186734e-03
5.501000e-08	0.000000e+00	1.000000e-01	1.000000e+00	1.000278e+00	5.165292e-03
5.503000e-08	0.000000e+00	3.000000e-01	1.000000e+00	1.001507e+00	3.512094e-03
5.507000e-08	0.000000e+00	7.000000e-01	1.000000e+00	1.003725e+00	1.915448e-03
5.510000e-08	0.000000e+00	1.000000e+00	1.000000e+00	1.004492e+00	1.109993e-03
5.510800e-08	0.000000e+00	1.000000e+00	1.000000e+00	1.004160e+00	7.726919e-04
5.512400e-08	0.000000e+00	1.000000e+00	1.000000e+00	1.003591e+00	2.392781e-04
5.515600e-08	0.000000e+00	1.000000e+00	1.000000e+00	1.002811e+00	-3.664671e-04
5.522000e-08	0.000000e+00	1.000000e+00	1.000000e+00	1.001689e+00	-4.127467e-04
5.534800e-08	0.000000e+00	1.000000e+00	1.000000e+00	1.002744e+00	-1.958827e-04
5.560400e-08	0.000000e+00	1.000000e+00	1.000000e+00	1.014898e+00	-3.639064e-05
5.611600e-08	0.000000e+00	1.000000e+00	1.000000e+00	6.927717e-01	-3.812921e-05
5.708848e-08	0.000000e+00	1.000000e+00	1.000000e+00	-1.534740e-02	2.434775e-05
5.804746e-08	0.000000e+00	1.000000e+00	1.000000e+00	6.791458e-03	3.850299e-05
5.964746e-08	0.000000e+00	1.000000e+00	1.000000e+00	-2.843126e-03	-6.215124e-05
6.010000e-08	0.000000e+00	1.000000e+00	1.000000e+00	-1.967677e-03	1.001792e-04
6.011000e-08	0.000000e+00	9.000000e-01	9.000000e-01	-1.538535e-03	-5.999938e-05
6.013000e-08	0.000000e+00	7.000000e-01	7.000000e-01	-1.394726e-03	-5.299452e-04
6.017000e-08	0.000000e+00	3.000000e-01	3.000000e-01	-2.824271e-03	-9.728301e-04
6.020000e-08	0.000000e+00	6.550316e-14	0.000000e+00	-3.139709e-03	-5.940151e-04
6.020800e-08	0.000000e+00	0.000000e+00	0.000000e+00	-2.354517e-03	-1.789983e-04
6.022400e-08	0.000000e+00	0.000000e+00	0.000000e+00	-1.270080e-03	3.986536e-04
6.025600e-08	0.000000e+00	0.000000e+00	0.000000e+00	7.004515e-04	7.156689e-04
6.032000e-08	0.000000e+00	0.000000e+00	0.000000e+00	1.677636e-03	7.863707e-05
6.044800e-08	0.000000e+00	0.000000e+00	0.000000e+00	-5.071693e-05	-1.157679e-03
6.070400e-08	0.000000e+00	0.000000e+00	0.000000e+00	-2.270232e-04	1.983446e-04
6.108093e-08	0.000000e+00	0.000000e+00	0.000000e+00	1.552201e-03	6.681734e-04
6.183479e-08	0.000000e+00	0.000000e+00	0.000000e+00	-6.616322e-04	-5.023288e-04
6.276318e-08	0.000000e+00	0.000000e+00	0.000000e+00	4.428307e-04	4.244522e-04
6.436318e-08	0.000000e+00	0.000000e+00	0.000000e+00	-2.977248e-04	-3.819603e-04
6.500000e-08	0.000000e+00	0.000000e+00	0.000000e+00	2.164412e-04	2.996575e-04
6.501000e-08	0.000000e+00	1.000000e-01	0.000000e+00	6.359132e-04	6.091067e-04
6.503000e-08	0.000000e+00	3.000000e-01	0.000000e+00	1.781767e-03	1.038825e-03
6.507000e-08	0.000000e+00	7.000000e-01	0.000000e+00	3.116593e-03	1.377090e-03
6.510000e-08	0.000000e+00	1.000000e+00	0.000000e+00	3.351098e-03	9.073541e-04
6.510800e-08	0.000000e+00	1.000000e+00	0.000000e+00	3.101562e-03	6.099011e-04
6.512400e-08	0.000000e+00	1.000000e+00	0.000000e+00	2.408383e-03	1.417448e-04
6.515600e-08	0.000000e+00	1.000000e+00	0.000000e+00	1.444058e-03	-3.921852e-04
6.522000e-08	0.000000e+00	1.000000e+00	0.000000e+00	-2.308072e-05	-4.138142e-04
6.534800e-08	0.000000e+00	1.000000e+00	0.000000e+00	-9.812870e-04	-1.977117e-04
6.560400e-08	0.000000e+00	1.000000e+00	0.000000e+00	-4.238592e-04	-3.517298e-05
6.611600e-08	0.000000e+00	1.000000e+00	0.000000e+00	-7.895396e-06	5.989462e-06
6.708282e-08	0.000000e+00	1.000000e+00	0.000000e+00	6.794016e-06	-2.385558e-06
6.868282e-08	0.000000e+00	1.000000e+00	0.000000e+00	4.139948e-06	2.033542e-06
7.000000e-08	0.000000e+00	1.000000e+00	0.000000e+00	4.651566e-06	-2.249085e-06
7.001000e-08	0.000000e+00	1.000000e+00	1.000000e-01	2.931182e-04	-1.393534e-06
7.003000e-08	0.000000e+00	1.000000e+00	3.000000e-01	7.042240e-04	-5.565727e-06
7.007000e-08	0.000000e+00	1.000000e+00	7.000000e-01	8.389539e-04	-1.040037e-04
7.010000e-08	0.000000e+00	1.000000e+00	1.000000e+00	-1.851350e-04	-4.896764e-04
7.010800e-08	0.000000e+00	9.200000e-01	1.000000e+00	-8.004620e-04	-7.774271e-04
7.012400e-08	0.000000e+00	7.600000e-01	1.000000e+00	-1.818748e-03	-1.330877e-03
7.015600e-08	0.000000e+00	4.400000e-01	1.000000e+00	-3.891478e-03	-1.815589e-03
7.020000e-08	0.000000e+00	6.550316e-14	1.000000e+00	-4.958235e-03	-9.434750e-04
7.020640e-08	0.000000e+00	0.000000e+00	1.000000e+00	-4.553368e-03	-5.256752e-04
7.021920e-08	0.000000e+00	0.000000e+00	1.000000e+00	-3.980422e-03	1.256282e-04
7.024480e-08	0.000000e+00	0.000000e+00	1.000000e+00	-2.637713e-03	7.634269e-04
7.029600e-08	0.000000e+00	0.000000e+00	1.000000e+00	-5.166380e-04	9.235627e-04
7.039840e-08	0.000000e+00	0.000000e+00	1.000000e+00	7.971194e-04	3.612346e-04
7.060320e-08	0.000000e+00	0.000000e+00	1.000000e+00	7.547953e-04	-5.894833e-05
7.101280e-08	0.000000e+00	0.000000e+00	1.000000e+00	-4.271862e-05	2.975643e-05
7.180324e-08	0.000000e+00	0.000000e+00	1.000000e+00	1.059083e-04	-2.179192e-05
7.338411e-08	0.000000e+00	0.000000e+00	1.000000e+00	-3.237939e-05	1.894999e-05
7.498411e-08	0.000000e+00	0.000000e+00	1.000000e+00	2.801083e-05	-1.602156e-05
7.500000e-08	0.000000e+00	0.000000e+00	1.000000e+00	-8.010964e-05	1.003071e-05
7.501000e-08	0.000000e+00	1.000000e-01	1.000000e+00	4.719442e-04	3.620550e-04
7.503000e-08	0.000000e+00	3.000000e-01	1.000000e+00	1.694057e-03	8.042170e-04
7.507000e-08	0.000000e+00	7.000000e-01	1.000000e+00	3.362953e-03	1.025940e-03
7.510000e-08	0.000000e+00	1.000000e+00	1.000000e+00	4.034010e-03	5.363298e-04
7.510800e-08	0.000000e+00	1.000000e+00	1.000000e+00	3.598044e-03	2.686091e-04
7.512400e-08	0.000000e+00	1.000000e+00	1.000000e+00	2.919126e-03	-1.430714e-04
7.515600e-08	0.000000e+00	1.000000e+00	1.000000e+00	1.930922e-03	-5.482243e-04
7.522000e-08	0.000000e+00	1.000000e+00	1.000000e+00	7.939446e-05	-3.903966e-04
7.534800e-08	0.000000e+00	1.000000e+00	1.000000e+00	-1.017138e-03	-8.292441e-05
7.560400e-08	0.000000e+00	1.000000e+00	1.000000e+00	-5.499994e-04	1.021905e-05
7.611600e-08	0.000000e+00	1.000000e+00	1.000000e+00	2.518077e-04	-4.669389e-06
7.713977e-08	0.000000e+00	1.000000e+00	1.000000e+00	-4.443294e-05	3.263356e-06
7.871027e-08	0.000000e+00	1.000000e+00	1.000000e+00	1.138623e-05	-4.738945e-06
8.000000e-08	0.000000e+00	1.000000e+00	1.000000e+00	4.419719e-06	4.046805e-06
