time (time)	v(in) (voltage)	v(sel) (voltage)	v(rw) (voltage)	v(yyyy_latch) (voltage)	v(yyyy_cell) (voltage)
0.000000e+00	0.000000e+00	0.000000e+00	0.000000e+00	9.999827e-01	3.624442e-07
1.000000e-12	0.000000e+00	0.000000e+00	0.000000e+00	9.999634e-01	-2.248764e-06
2.000000e-12	0.000000e+00	0.000000e+00	0.000000e+00	9.999526e-01	-1.696210e-06
4.000000e-12	0.000000e+00	0.000000e+00	0.000000e+00	9.999414e-01	-8.044169e-07
8.000000e-12	0.000000e+00	0.000000e+00	0.000000e+00	9.999421e-01	-3.712829e-07
1.600000e-11	0.000000e+00	0.000000e+00	0.000000e+00	9.999472e-01	-9.276072e-08
3.200000e-11	0.000000e+00	0.000000e+00	0.000000e+00	9.999525e-01	1.229991e-08
6.400000e-11	0.000000e+00	0.000000e+00	0.000000e+00	9.999615e-01	2.188329e-07
1.280000e-10	0.000000e+00	0.000000e+00	0.000000e+00	9.999712e-01	2.626195e-07
2.560000e-10	0.000000e+00	0.000000e+00	0.000000e+00	9.999778e-01	1.362240e-07
5.120000e-10	0.000000e+00	0.000000e+00	0.000000e+00	9.999784e-01	4.029948e-07
1.024000e-09	0.000000e+00	0.000000e+00	0.000000e+00	9.999810e-01	2.507306e-07
2.048000e-09	0.000000e+00	0.000000e+00	0.000000e+00	9.999814e-01	4.298933e-07
3.648000e-09	0.000000e+00	0.000000e+00	0.000000e+00	9.999822e-01	2.786803e-07
5.248000e-09	0.000000e+00	0.000000e+00	0.000000e+00	9.999817e-01	4.260023e-07
6.848000e-09	0.000000e+00	0.000000e+00	0.000000e+00	9.999822e-01	2.845257e-07
8.448000e-09	0.000000e+00	0.000000e+00	0.000000e+00	9.999818e-01	4.211715e-07
1.000000e-08	0.000000e+00	0.000000e+00	0.000000e+00	9.999822e-01	2.890828e-07
1.001000e-08	0.000000e+00	0.000000e+00	1.000000e-01	1.000064e+00	1.356891e-05
1.003000e-08	0.000000e+00	0.000000e+00	3.000000e-01	1.000162e+00	9.909239e-06
1.007000e-08	0.000000e+00	0.000000e+00	7.000000e-01	1.000112e+00	-1.987454e-04
1.010000e-08	0.000000e+00	0.000000e+00	1.000000e+00	9.997749e-01	-1.025138e-03
1.010800e-08	0.000000e+00	0.000000e+00	1.000000e+00	9.996532e-01	-9.784752e-04
1.012400e-08	0.000000e+00	0.000000e+00	1.000000e+00	9.995244e-01	-6.023809e-04
1.015600e-08	0.000000e+00	0.000000e+00	1.000000e+00	9.995736e-01	2.738711e-04
1.020000e-08	0.000000e+00	0.000000e+00	1.000000e+00	9.997981e-01	5.073299e-04
1.020640e-08	0.000000e+00	0.000000e+00	1.000000e+00	9.998168e-01	4.653873e-04
1.021920e-08	0.000000e+00	0.000000e+00	1.000000e+00	9.998476e-01	3.843463e-04
1.024480e-08	0.000000e+00	0.000000e+00	1.000000e+00	9.998893e-01	2.426724e-04
1.029600e-08	0.000000e+00	0.000000e+00	1.000000e+00	9.999515e-01	9.315212e-05
1.039840e-08	0.000000e+00	0.000000e+00	1.000000e+00	9.999880e-01	2.271468e-06
1.060320e-08	0.000000e+00	0.000000e+00	1.000000e+00	9.999771e-01	8.398676e-07
1.101280e-08	0.000000e+00	0.000000e+00	1.000000e+00	9.999792e-01	-4.568519e-07
1.183200e-08	0.000000e+00	0.000000e+00	1.000000e+00	9.999824e-01	6.512769e-07
1.343200e-08	0.000000e+00	0.000000e+00	1.000000e+00	9.999812e-01	1.784338e-09
1.500000e-08	0.000000e+00	0.000000e+00	1.000000e+00	9.999818e-01	1.184806e-06
1.501000e-08	0.000000e+00	1.000000e-01	1.000000e+00	1.000162e+00	3.286374e-04
1.503000e-08	0.000000e+00	3.000000e-01	1.000000e+00	1.000207e+00	6.480267e-04
1.507000e-08	0.000000e+00	7.000000e-01	1.000000e+00	9.889310e-01	5.773733e-04
1.510000e-08	0.000000e+00	1.000000e+00	1.000000e+00	9.702854e-01	1.873057e-04
1.510800e-08	0.000000e+00	1.000000e+00	1.000000e+00	9.679174e-01	-5.266694e-05
1.512400e-08	0.000000e+00	1.000000e+00	1.000000e+00	9.651699e-01	-3.490343e-04
1.515600e-08	0.000000e+00	1.000000e+00	1.000000e+00	9.641754e-01	-4.491914e-04
1.522000e-08	0.000000e+00	1.000000e+00	1.000000e+00	9.748605e-01	-1.390618e-04
1.534800e-08	0.000000e+00	1.000000e+00	1.000000e+00	1.009790e+00	-5.123656e-05
1.559557e-08	0.000000e+00	1.000000e+00	1.000000e+00	6.838855e-01	-3.904005e-05
1.590207e-08	0.000000e+00	1.000000e+00	1.000000e+00	5.829942e-02	-5.974380e-06
1.643149e-08	0.000000e+00	1.000000e+00	1.000000e+00	-3.271521e-02	8.707294e-05
1.707326e-08	0.000000e+00	1.000000e+00	1.000000e+00	2.253403e-02	-1.171694e-04
1.794136e-08	0.000000e+00	1.000000e+00	1.000000e+00	-1.673456e-02	1.287551e-04
1.954136e-08	0.000000e+00	1.000000e+00	1.000000e+00	1.469226e-02	-1.312965e-04
2.010000e-08	0.000000e+00	1.000000e+00	1.000000e+00	-9.741583e-03	1.331598e-04
2.011000e-08	0.000000e+00	9.000000e-01	9.000000e-01	-7.715603e-03	-3.266997e-05
2.013000e-08	0.000000e+00	7.000000e-01	7.000000e-01	-5.776840e-03	-4.410663e-04
2.017000e-08	0.000000e+00	3.000000e-01	3.000000e-01	-4.641419e-03	-3.833511e-04
2.020000e-08	0.000000e+00	0.000000e+00	0.000000e+00	-2.860474e-03	1.070460e-04
2.020800e-08	0.000000e+00	0.000000e+00	0.000000e+00	-1.732170e-03	3.670774e-04
2.022400e-08	0.000000e+00	0.000000e+00	0.000000e+00	-2.633031e-04	4.995652e-04
2.025600e-08	0.000000e+00	0.000000e+00	0.000000e+00	5.104109e-04	-2.307802e-04
2.032000e-08	0.000000e+00	0.000000e+00	0.000000e+00	-3.616210e-04	-1.060172e-03
2.044800e-08	0.000000e+00	0.000000e+00	0.000000e+00	6.638537e-05	3.516951e-04
2.065895e-08	0.000000e+00	0.000000e+00	0.000000e+00	1.208667e-03	4.700273e-04
2.096890e-08	0.000000e+00	0.000000e+00	0.000000e+00	-4.287888e-04	-3.613672e-04
2.155562e-08	0.000000e+00	0.000000e+00	0.000000e+00	3.403093e-04	3.262375e-04
2.272905e-08	0.000000e+00	0.000000e+00	0.000000e+00	-2.471946e-04	-3.066497e-04
2.432905e-08	0.000000e+00	0.000000e+00	0.000000e+00	2.434678e-04	2.951928e-04
2.500000e-08	0.000000e+00	0.000000e+00	0.000000e+00	-1.744154e-04	-2.667822e-04
2.501000e-08	0.000000e+00	1.000000e-01	0.000000e+00	6.474774e-04	3.444212e-04
2.503000e-08	0.000000e+00	3.000000e-01	0.000000e+00	1.638126e-03	6.572591e-04
2.507000e-08	0.000000e+00	7.000000e-01	0.000000e+00	2.450502e-03	5.822024e-04
2.510000e-08	0.000000e+00	1.000000e+00	0.000000e+00	2.059974e-03	2.017014e-04
2.510800e-08	0.000000e+00	1.000000e+00	0.000000e+00	1.550597e-03	-4.332014e-05
2.512400e-08	0.000000e+00	1.000000e+00	0.000000e+00	8.192789e-04	-3.492114e-04
2.515600e-08	0.000000e+00	1.000000e+00	0.000000e+00	1.930577e-04	-4.594627e-04
2.522000e-08	0.000000e+00	1.000000e+00	0.000000e+00	-8.615657e-04	-1.523957e-04
2.534800e-08	0.000000e+00	1.000000e+00	0.000000e+00	-3.915985e-04	-4.918563e-05
2.560400e-08	0.000000e+00	1.000000e+00	0.000000e+00	-3.606310e-05	1.899323e-05
2.611600e-08	0.000000e+00	1.000000e+00	0.000000e+00	2.275502e-05	-1.409522e-05
2.706858e-08	0.000000e+00	1.000000e+00	0.000000e+00	-1.244992e-05	1.338438e-05
2.866858e-08	0.000000e+00	1.000000e+00	0.000000e+00	1.833780e-05	-1.177931e-05
3.000000e-08	0.000000e+00	1.000000e+00	3.308722e-14	-1.659065e-05	1.312526e-05
3.001000e-08	0.000000e+00	1.000000e+00	1.000000e-01	2.733961e-04	4.450647e-05
3.003000e-08	0.000000e+00	1.000000e+00	3.000000e-01	5.983593e-04	2.115734e-05
3.007000e-08	0.000000e+00	1.000000e+00	7.000000e-01	-8.477241e-06	-2.000197e-04
3.010000e-08	0.000000e+00	1.000000e+00	1.000000e+00	-1.563475e-03	-1.026268e-03
3.010800e-08	0.000000e+00	9.200000e-01	1.000000e+00	-2.108870e-03	-1.042994e-03
3.012400e-08	0.000000e+00	7.600000e-01	1.000000e+00	-2.858554e-03	-9.276572e-04
3.015600e-08	0.000000e+00	4.400000e-01	1.000000e+00	-3.339515e-03	-1.971805e-04
3.020000e-08	0.000000e+00	0.000000e+00	1.000000e+00	-2.449637e-03	3.928665e-04
3.020640e-08	0.000000e+00	0.000000e+00	1.000000e+00	-1.817535e-03	5.864710e-04
3.021920e-08	0.000000e+00	0.000000e+00	1.000000e+00	-8.992989e-04	7.810061e-04
3.024480e-08	0.000000e+00	0.000000e+00	1.000000e+00	4.249182e-04	6.228077e-04
3.029600e-08	0.000000e+00	0.000000e+00	1.000000e+00	1.165875e-03	1.705340e-04
3.039840e-08	0.000000e+00	0.000000e+00	1.000000e+00	6.756687e-04	-2.619335e-05
3.060320e-08	0.000000e+00	0.000000e+00	1.000000e+00	-6.506121e-05	1.481714e-05
3.101280e-08	0.000000e+00	0.000000e+00	1.000000e+00	1.019124e-05	-1.062465e-05
3.183200e-08	0.000000e+00	0.000000e+00	1.000000e+00	8.646694e-06	9.997348e-06
3.343200e-08	0.000000e+00	0.000000e+00	1.000000e+00	2.143394e-06	-1.049447e-05
3.500000e-08	0.000000e+00	0.000000e+00	1.000000e+00	7.510595e-06	1.055332e-05
3.501000e-08	1.000000e-01	1.000000e-01	1.000000e+00	8.536909e-04	3.010114e-04
3.503000e-08	3.000000e-01	3.000000e-01	1.000000e+00	2.097024e-03	5.359333e-04
3.507000e-08	7.000000e-01	7.000000e-01	1.000000e+00	3.907722e-03	3.756954e-04
3.510000e-08	1.000000e+00	1.000000e+00	1.000000e+00	2.518010e-03	-2.402900e-05
3.510800e-08	1.000000e+00	1.000000e+00	1.000000e+00	7.282873e-04	-2.245172e-04
3.512400e-08	1.000000e+00	1.000000e+00	1.000000e+00	-2.931837e-03	-4.275120e-04
3.515600e-08	1.000000e+00	1.000000e+00	1.000000e+00	-9.364998e-03	-4.131729e-04
3.522000e-08	1.000000e+00	1.000000e+00	1.000000e+00	-1.382087e-02	-2.763868e-05
3.534800e-08	1.000000e+00	1.000000e+00	1.000000e+00	5.043243e-02	2.579161e-05
3.560400e-08	1.000000e+00	1.000000e+00	1.000000e+00	5.517764e-01	8.257728e-05
3.605302e-08	1.000000e+00	1.000000e+00	1.000000e+00	1.012299e+00	-1.498413e-04
3.651568e-08	1.000000e+00	1.000000e+00	1.000000e+00	9.887048e-01	1.366526e-04
3.734708e-08	1.000000e+00	1.000000e+00	1.000000e+00	1.010373e+00	-1.263281e-04
3.838809e-08	1.000000e+00	1.000000e+00	1.000000e+00	9.907660e-01	1.195606e-04
3.995836e-08	1.000000e+00	1.000000e+00	1.000000e+00	1.008666e+00	-1.138859e-04
4.010000e-08	1.000000e+00	1.000000e+00	1.000000e+00	9.968744e-01	1.114382e-04
4.011000e-08	1.000000e+00	9.000000e-01	9.000000e-01	9.967478e-01	2.612145e-05
4.013000e-08	1.000000e+00	7.000000e-01	7.000000e-01	9.966518e-01	-5.099285e-04
4.017000e-08	1.000000e+00	3.000000e-01	3.000000e-01	9.988574e-01	-5.303829e-04
4.020000e-08	1.000000e+00	0.000000e+00	0.000000e+00	1.004532e+00	4.414805e-05
4.020800e-08	1.000000e+00	0.000000e+00	0.000000e+00	1.006308e+00	3.478250e-04
4.022400e-08	1.000000e+00	0.000000e+00	0.000000e+00	1.007741e+00	4.986147e-04
4.025600e-08	1.000000e+00	0.000000e+00	0.000000e+00	9.993887e-01	-6.043598e-04
4.032000e-08	1.000000e+00	0.000000e+00	0.000000e+00	9.666766e-01	-2.898052e-03
4.044800e-08	1.000000e+00	0.000000e+00	0.000000e+00	9.438984e-01	-5.689953e-04
4.070400e-08	1.000000e+00	0.000000e+00	0.000000e+00	9.945057e-01	2.183852e-03
4.111412e-08	1.000000e+00	0.000000e+00	0.000000e+00	1.001294e+00	-9.191917e-04
4.171248e-08	1.000000e+00	0.000000e+00	0.000000e+00	9.984916e-01	6.576752e-04
4.270832e-08	1.000000e+00	0.000000e+00	0.000000e+00	1.000411e+00	-5.360016e-04
4.430832e-08	1.000000e+00	0.000000e+00	0.000000e+00	9.992578e-01	4.892713e-04
4.500000e-08	1.000000e+00	0.000000e+00	0.000000e+00	1.000156e+00	-3.950269e-04
4.501000e-08	1.000000e+00	1.000000e-01	0.000000e+00	1.000363e+00	1.367004e-04
4.503000e-08	1.000000e+00	3.000000e-01	0.000000e+00	1.000125e+00	7.285174e-04
4.507000e-08	1.000000e+00	7.000000e-01	0.000000e+00	9.872308e-01	9.546215e-04
4.510000e-08	1.000000e+00	1.000000e+00	0.000000e+00	9.709768e-01	4.840602e-04
4.510800e-08	9.200000e-01	1.000000e+00	0.000000e+00	9.688806e-01	-1.158658e-04
4.512400e-08	7.600000e-01	1.000000e+00	0.000000e+00	9.667788e-01	-1.554437e-03
4.515600e-08	4.400000e-01	1.000000e+00	0.000000e+00	9.695076e-01	-4.837365e-03
4.520000e-08	0.000000e+00	1.000000e+00	0.000000e+00	9.783285e-01	-7.994638e-03
4.520640e-08	0.000000e+00	1.000000e+00	0.000000e+00	9.796698e-01	-8.097094e-03
4.521920e-08	0.000000e+00	1.000000e+00	0.000000e+00	9.821567e-01	-7.910596e-03
4.524480e-08	0.000000e+00	1.000000e+00	0.000000e+00	9.860311e-01	-4.245902e-03
4.529600e-08	0.000000e+00	1.000000e+00	0.000000e+00	9.901667e-01	2.185294e-02
4.539840e-08	0.000000e+00	1.000000e+00	0.000000e+00	9.915798e-01	2.963926e-01
4.560320e-08	0.000000e+00	1.000000e+00	0.000000e+00	9.944955e-01	9.208850e-01
4.597199e-08	0.000000e+00	1.000000e+00	0.000000e+00	1.000310e+00	1.039560e+00
4.648422e-08	0.000000e+00	1.000000e+00	0.000000e+00	9.997364e-01	9.715050e-01
4.721129e-08	0.000000e+00	1.000000e+00	0.000000e+00	9.999267e-01	1.021555e+00
4.866542e-08	0.000000e+00	1.000000e+00	0.000000e+00	9.998299e-01	9.806021e-01
5.000000e-08	0.000000e+00	1.000000e+00	0.000000e+00	9.999587e-01	1.016648e+00
5.001000e-08	0.000000e+00	1.000000e+00	1.000000e-01	1.000067e+00	1.013519e+00
5.003000e-08	0.000000e+00	1.000000e+00	3.000000e-01	1.000174e+00	1.008346e+00
5.007000e-08	0.000000e+00	1.000000e+00	7.000000e-01	9.993737e-01	1.002029e+00
5.010000e-08	0.000000e+00	1.000000e+00	1.000000e+00	9.980875e-01	9.995750e-01
5.010800e-08	0.000000e+00	9.200000e-01	1.000000e+00	9.975955e-01	9.996532e-01
5.012400e-08	0.000000e+00	7.600000e-01	1.000000e+00	9.971398e-01	1.000972e+00
5.015600e-08	0.000000e+00	4.400000e-01	1.000000e+00	9.978008e-01	1.009922e+00
5.020000e-08	0.000000e+00	0.000000e+00	1.000000e+00	9.993058e-01	1.000658e+00
5.020640e-08	0.000000e+00	0.000000e+00	1.000000e+00	9.998612e-01	9.922806e-01
5.021920e-08	0.000000e+00	0.000000e+00	1.000000e+00	1.000849e+00	9.660065e-01
5.024480e-08	0.000000e+00	0.000000e+00	1.000000e+00	1.002244e+00	8.218786e-01
5.029600e-08	0.000000e+00	0.000000e+00	1.000000e+00	1.003005e+00	2.651208e-01
5.039840e-08	0.000000e+00	0.000000e+00	1.000000e+00	1.001768e+00	-5.712727e-02
5.052460e-08	0.000000e+00	0.000000e+00	1.000000e+00	1.000368e+00	3.477411e-02
5.077700e-08	0.000000e+00	0.000000e+00	1.000000e+00	9.998297e-01	-2.620141e-02
5.102546e-08	0.000000e+00	0.000000e+00	1.000000e+00	9.999663e-01	2.050941e-02
5.152238e-08	0.000000e+00	0.000000e+00	1.000000e+00	9.999118e-01	-1.776138e-02
5.251623e-08	0.000000e+00	0.000000e+00	1.000000e+00	9.999647e-01	1.684345e-02
5.411623e-08	0.000000e+00	0.000000e+00	1.000000e+00	9.999256e-01	-1.600243e-02
5.500000e-08	0.000000e+00	0.000000e+00	1.000000e+00	9.999715e-01	1.504844e-02
5.501000e-08	0.000000e+00	1.000000e-01	1.000000e+00	1.000400e+00	9.788333e-03
5.503000e-08	0.000000e+00	3.000000e-01	1.000000e+00	1.001682e+00	2.947138e-03
5.507000e-08	0.000000e+00	7.000000e-01	1.000000e+00	1.003255e+00	4.136473e-04
5.510000e-08	0.000000e+00	1.000000e+00	1.000000e+00	1.002835e+00	2.056161e-04
5.510800e-08	0.000000e+00	1.000000e+00	1.000000e+00	1.002204e+00	-3.827514e-05
5.512400e-08	0.000000e+00	1.000000e+00	1.000000e+00	1.001263e+00	-3.478876e-04
5.515600e-08	0.000000e+00	1.000000e+00	1.000000e+00	1.000858e+00	-4.598332e-04
5.522000e-08	0.000000e+00	1.000000e+00	1.000000e+00	1.003927e+00	-1.483925e-04
5.534800e-08	0.000000e+00	1.000000e+00	1.000000e+00	1.019223e+00	-5.060613e-05
5.560400e-08	0.000000e+00	1.000000e+00	1.000000e+00	6.324091e-01	-4.828929e-05
5.605635e-08	0.000000e+00	1.000000e+00	1.000000e+00	-4.155972e-02	4.504313e-05
5.651251e-08	0.000000e+00	1.000000e+00	1.000000e+00	2.123203e-02	3.041852e-05
5.732889e-08	0.000000e+00	1.000000e+00	1.000000e+00	-1.327491e-02	-5.805863e-05
5.816543e-08	0.000000e+00	1.000000e+00	1.000000e+00	8.884222e-03	7.908985e-05
5.976543e-08	0.000000e+00	1.000000e+00	1.000000e+00	-6.767301e-03	-8.667666e-05
6.010000e-08	0.000000e+00	1.000000e+00	1.000000e+00	1.389629e-03	1.100773e-04
6.011000e-08	0.000000e+00	9.000000e-01	9.000000e-01	1.714252e-03	-6.028077e-05
6.013000e-08	0.000000e+00	7.000000e-01	7.000000e-01	1.009370e-03	-4.607700e-04
6.017000e-08	0.000000e+00	3.000000e-01	3.000000e-01	-8.928850e-04	-3.879988e-04
6.020000e-08	0.000000e+00	6.550316e-14	0.000000e+00	-4.804172e-04	1.125566e-04
6.020800e-08	0.000000e+00	0.000000e+00	0.000000e+00	4.027976e-04	3.784094e-04
6.022400e-08	0.000000e+00	0.000000e+00	0.000000e+00	1.395064e-03	5.254384e-04
6.025600e-08	0.000000e+00	0.000000e+00	0.000000e+00	1.575959e-03	-1.920005e-04
6.032000e-08	0.000000e+00	0.000000e+00	0.000000e+00	1.111927e-04	-1.059943e-03
6.044800e-08	0.000000e+00	0.000000e+00	0.000000e+00	9.903733e-05	3.267138e-04
6.066485e-08	0.000000e+00	0.000000e+00	0.000000e+00	1.175415e-03	4.703741e-04
6.097418e-08	0.000000e+00	0.000000e+00	0.000000e+00	-4.120786e-04	-3.662324e-04
6.156919e-08	0.000000e+00	0.000000e+00	0.000000e+00	3.250616e-04	3.318268e-04
6.275921e-08	0.000000e+00	0.000000e+00	0.000000e+00	-2.359959e-04	-3.131229e-04
6.435921e-08	0.000000e+00	0.000000e+00	0.000000e+00	2.318902e-04	3.016099e-04
6.500000e-08	0.000000e+00	0.000000e+00	0.000000e+00	-1.614353e-04	-2.717656e-04
6.501000e-08	0.000000e+00	1.000000e-01	0.000000e+00	6.410685e-04	3.417894e-04
6.503000e-08	0.000000e+00	3.000000e-01	0.000000e+00	1.621920e-03	6.571377e-04
6.507000e-08	0.000000e+00	7.000000e-01	0.000000e+00	2.441577e-03	5.826699e-04
6.510000e-08	0.000000e+00	1.000000e+00	0.000000e+00	2.055533e-03	2.018747e-04
6.510800e-08	0.000000e+00	1.000000e+00	0.000000e+00	1.547378e-03	-4.314979e-05
6.512400e-08	0.000000e+00	1.000000e+00	0.000000e+00	8.174434e-04	-3.490921e-04
6.515600e-08	0.000000e+00	1.000000e+00	0.000000e+00	8.208933e-05	-4.597233e-04
6.522000e-08	0.000000e+00	1.000000e+00	0.000000e+00	-6.054021e-04	-1.514415e-04
6.534800e-08	0.000000e+00	1.000000e+00	0.000000e+00	-4.029487e-04	-5.023163e-05
6.560400e-08	0.000000e+00	1.000000e+00	0.000000e+00	-2.491887e-05	1.993246e-05
6.611600e-08	0.000000e+00	1.000000e+00	0.000000e+00	1.233447e-05	-1.495005e-05
6.706865e-08	0.000000e+00	1.000000e+00	0.000000e+00	-2.920481e-06	1.419556e-05
6.866865e-08	0.000000e+00	1.000000e+00	0.000000e+00	8.871613e-06	-1.256486e-05
7.000000e-08	0.000000e+00	1.000000e+00	0.000000e+00	-4.338399e-06	1.393609e-05
7.001000e-08	0.000000e+00	1.000000e+00	1.000000e-01	2.876419e-04	4.616581e-05
7.003000e-08	0.000000e+00	1.000000e+00	3.000000e-01	6.209676e-04	2.151285e-05
7.007000e-08	0.000000e+00	1.000000e+00	7.000000e-01	2.078781e-05	-2.000882e-04
7.010000e-08	0.000000e+00	1.000000e+00	1.000000e+00	-1.535328e-03	-1.026313e-03
7.010800e-08	0.000000e+00	9.200000e-01	1.000000e+00	-2.083918e-03	-1.043073e-03
7.012400e-08	0.000000e+00	7.600000e-01	1.000000e+00	-2.841668e-03	-9.277630e-04
7.015600e-08	0.000000e+00	4.400000e-01	1.000000e+00	-3.338043e-03	-1.972363e-04
7.020000e-08	0.000000e+00	6.550316e-14	1.000000e+00	-2.448610e-03	3.928987e-04
7.020640e-08	0.000000e+00	0.000000e+00	1.000000e+00	-1.816666e-03	5.864988e-04
7.021920e-08	0.000000e+00	0.000000e+00	1.000000e+00	-8.986210e-04	7.810269e-04
7.024480e-08	0.000000e+00	0.000000e+00	1.000000e+00	4.252916e-04	6.228192e-04
7.029600e-08	0.000000e+00	0.000000e+00	1.000000e+00	1.165998e-03	1.705373e-04
7.039840e-08	0.000000e+00	0.000000e+00	1.000000e+00	6.756633e-04	-2.619365e-05
7.060320e-08	0.000000e+00	0.000000e+00	1.000000e+00	-6.506078e-05	1.481731e-05
7.101280e-08	0.000000e+00	0.000000e+00	1.000000e+00	1.015106e-05	-1.062767e-05
7.183200e-08	0.000000e+00	0.000000e+00	1.000000e+00	8.683355e-06	1.000418e-05
7.343200e-08	0.000000e+00	0.000000e+00	1.000000e+00	2.106961e-06	-1.050292e-05
7.500000e-08	0.000000e+00	0.000000e+00	1.000000e+00	7.553811e-06	1.056500e-05
7.501000e-08	0.000000e+00	1.000000e-01	1.000000e+00	5.885417e-04	3.000430e-04
7.503000e-08	0.000000e+00	3.000000e-01	1.000000e+00	1.456016e-03	5.347738e-04
7.507000e-08	0.000000e+00	7.000000e-01	1.000000e+00	2.341438e-03	3.748611e-04
7.510000e-08	0.000000e+00	1.000000e+00	1.000000e+00	2.053626e-03	-2.016579e-05
7.510800e-08	0.000000e+00	1.000000e+00	1.000000e+00	1.447470e-03	-2.177421e-04
7.512400e-08	0.000000e+00	1.000000e+00	1.000000e+00	3.764564e-04	-4.171197e-04
7.515600e-08	0.000000e+00	1.000000e+00	1.000000e+00	-9.046534e-04	-4.039933e-04
7.522000e-08	0.000000e+00	1.000000e+00	1.000000e+00	-1.639801e-03	-3.526271e-05
7.534800e-08	0.000000e+00	1.000000e+00	1.000000e+00	-4.598865e-04	-1.057418e-05
7.560400e-08	0.000000e+00	1.000000e+00	1.000000e+00	2.455876e-04	1.105216e-05
7.611600e-08	0.000000e+00	1.000000e+00	1.000000e+00	-3.176867e-05	-9.896684e-06
7.686659e-08	0.000000e+00	1.000000e+00	1.000000e+00	-2.593819e-06	1.179600e-05
7.809073e-08	0.000000e+00	1.000000e+00	1.000000e+00	1.847924e-05	-1.071403e-05
7.969073e-08	0.000000e+00	1.000000e+00	1.000000e+00	-1.533784e-05	1.116467e-05
8.000000e-08	0.000000e+00	1.000000e+00	1.000000e+00	2.193891e-05	-1.069754e-05
