time (time)	v(in) (voltage)	v(sel) (voltage)	v(rw) (voltage)	v(yyyy_latch) (voltage)	v(yyyy_cell) (voltage)
0.000000e+00	0.000000e+00	0.000000e+00	0.000000e+00	3.142299e-06	7.855000e-07
1.000000e-12	0.000000e+00	0.000000e+00	0.000000e+00	2.716575e-05	2.371020e-05
2.000000e-12	0.000000e+00	0.000000e+00	0.000000e+00	4.162142e-05	1.602516e-05
4.000000e-12	0.000000e+00	0.000000e+00	0.000000e+00	5.996374e-05	6.229447e-06
8.000000e-12	0.000000e+00	0.000000e+00	0.000000e+00	6.692136e-05	2.033015e-06
1.600000e-11	0.000000e+00	0.000000e+00	0.000000e+00	6.396212e-05	2.353953e-06
3.200000e-11	0.000000e+00	0.000000e+00	0.000000e+00	6.235728e-05	2.316546e-06
6.400000e-11	0.000000e+00	0.000000e+00	0.000000e+00	5.535097e-05	2.142574e-06
1.280000e-10	0.000000e+00	0.000000e+00	0.000000e+00	4.507348e-05	1.756138e-06
2.560000e-10	0.000000e+00	0.000000e+00	0.000000e+00	3.580620e-05	8.904395e-07
5.120000e-10	0.000000e+00	0.000000e+00	0.000000e+00	2.249875e-05	1.289867e-06
1.024000e-09	0.000000e+00	0.000000e+00	0.000000e+00	1.449919e-05	6.417415e-07
2.048000e-09	0.000000e+00	0.000000e+00	0.000000e+00	8.445037e-06	1.088537e-06
3.648000e-09	0.000000e+00	0.000000e+00	0.000000e+00	7.320181e-06	5.934435e-07
5.248000e-09	0.000000e+00	0.000000e+00	0.000000e+00	6.441704e-06	1.040060e-06
6.848000e-09	0.000000e+00	0.000000e+00	0.000000e+00	7.140166e-06	6.102183e-07
8.448000e-09	0.000000e+00	0.000000e+00	0.000000e+00	6.538412e-06	1.022035e-06
1.000000e-08	0.000000e+00	0.000000e+00	0.000000e+00	7.154155e-06	6.366823e-07
1.001000e-08	0.000000e+00	0.000000e+00	1.000000e-01	2.702805e-04	1.635744e-05
1.003000e-08	0.000000e+00	0.000000e+00	3.000000e-01	5.819259e-04	2.211012e-05
1.007000e-08	0.000000e+00	0.000000e+00	7.000000e-01	7.120969e-04	-5.600269e-05
1.010000e-08	0.000000e+00	0.000000e+00	1.000000e+00	1.531003e-04	-3.546119e-04
1.010800e-08	0.000000e+00	0.000000e+00	1.000000e+00	-1.565350e-04	-5.104077e-04
1.012400e-08	0.000000e+00	0.000000e+00	1.000000e+00	-5.946340e-04	-7.139037e-04
1.015600e-08	0.000000e+00	0.000000e+00	1.000000e+00	-8.535085e-04	-4.886628e-04
1.020000e-08	0.000000e+00	0.000000e+00	1.000000e+00	-3.957741e-04	1.411108e-04
1.020640e-08	0.000000e+00	0.000000e+00	1.000000e+00	-2.885648e-04	1.938132e-04
1.021920e-08	0.000000e+00	0.000000e+00	1.000000e+00	-1.313256e-04	2.783572e-04
1.024480e-08	0.000000e+00	0.000000e+00	1.000000e+00	4.145141e-05	3.471283e-04
1.029600e-08	0.000000e+00	0.000000e+00	1.000000e+00	2.709106e-04	3.299099e-04
1.039840e-08	0.000000e+00	0.000000e+00	1.000000e+00	1.467443e-04	4.683070e-05
1.060320e-08	0.000000e+00	0.000000e+00	1.000000e+00	2.140407e-05	-1.965763e-05
1.101280e-08	0.000000e+00	0.000000e+00	1.000000e+00	-1.854184e-05	1.408888e-05
1.183200e-08	0.000000e+00	0.000000e+00	1.000000e+00	-4.839465e-05	-2.505669e-05
1.343200e-08	0.000000e+00	0.000000e+00	1.000000e+00	4.610092e-05	2.431364e-05
1.500000e-08	0.000000e+00	0.000000e+00	1.000000e+00	-2.409868e-05	-1.393302e-05
1.501000e-08	0.000000e+00	1.000000e-01	1.000000e+00	5.354253e-04	3.179552e-04
1.503000e-08	0.000000e+00	3.000000e-01	1.000000e+00	1.254090e-03	7.151931e-04
1.507000e-08	0.000000e+00	7.000000e-01	1.000000e+00	1.409286e-03	7.318224e-04
1.510000e-08	0.000000e+00	1.000000e+00	1.000000e+00	-5.896559e-04	2.277051e-04
1.510800e-08	0.000000e+00	1.000000e+00	1.000000e+00	-1.450900e-03	-3.794289e-05
1.512400e-08	0.000000e+00	1.000000e+00	1.000000e+00	-2.713190e-03	-4.144972e-04
1.515600e-08	0.000000e+00	1.000000e+00	1.000000e+00	-3.838219e-03	-6.285127e-04
1.522000e-08	0.000000e+00	1.000000e+00	1.000000e+00	-3.141694e-03	-2.430413e-04
1.534800e-08	0.000000e+00	1.000000e+00	1.000000e+00	-2.103375e-04	3.530861e-05
1.560400e-08	0.000000e+00	1.000000e+00	1.000000e+00	1.164878e-03	-1.661269e-05
1.611600e-08	0.000000e+00	1.000000e+00	1.000000e+00	-4.319267e-05	1.262652e-05
1.711811e-08	0.000000e+00	1.000000e+00	1.000000e+00	8.821174e-05	-1.888227e-05
1.871811e-08	0.000000e+00	1.000000e+00	1.000000e+00	-6.550396e-05	1.851781e-05
2.010000e-08	0.000000e+00	1.000000e+00	1.000000e+00	6.054973e-05	-1.056298e-05
2.011000e-08	0.000000e+00	9.000000e-01	9.000000e-01	-3.805700e-04	-1.407790e-04
2.013000e-08	0.000000e+00	7.000000e-01	7.000000e-01	-1.487841e-03	-5.750718e-04
2.017000e-08	0.000000e+00	3.000000e-01	3.000000e-01	-2.946842e-03	-6.780599e-04
2.020000e-08	0.000000e+00	0.000000e+00	0.000000e+00	-2.278824e-03	-3.476309e-05
2.020800e-08	0.000000e+00	0.000000e+00	0.000000e+00	-1.301874e-03	3.543615e-04
2.022400e-08	0.000000e+00	0.000000e+00	0.000000e+00	5.497572e-05	8.554420e-04
2.025600e-08	0.000000e+00	0.000000e+00	0.000000e+00	1.829878e-03	9.766572e-04
2.032000e-08	0.000000e+00	0.000000e+00	0.000000e+00	1.876306e-03	2.213477e-04
2.044800e-08	0.000000e+00	0.000000e+00	0.000000e+00	-4.746193e-04	-4.725575e-04
2.070400e-08	0.000000e+00	0.000000e+00	0.000000e+00	-4.127085e-04	2.364304e-04
2.110023e-08	0.000000e+00	0.000000e+00	0.000000e+00	1.333429e-04	-1.522566e-04
2.174594e-08	0.000000e+00	0.000000e+00	0.000000e+00	-7.959462e-05	1.190306e-04
2.303738e-08	0.000000e+00	0.000000e+00	0.000000e+00	8.514413e-05	-1.033981e-04
2.463738e-08	0.000000e+00	0.000000e+00	0.000000e+00	-6.005183e-05	9.495678e-05
2.500000e-08	0.000000e+00	0.000000e+00	0.000000e+00	4.582228e-05	-5.921455e-05
2.501000e-08	0.000000e+00	1.000000e-01	0.000000e+00	5.885126e-04	3.946317e-04
2.503000e-08	0.000000e+00	3.000000e-01	0.000000e+00	1.487092e-03	8.834668e-04
2.507000e-08	0.000000e+00	7.000000e-01	0.000000e+00	2.805564e-03	1.066475e-03
2.510000e-08	0.000000e+00	1.000000e+00	0.000000e+00	2.747157e-03	6.267631e-04
2.510800e-08	0.000000e+00	1.000000e+00	0.000000e+00	2.297327e-03	3.064620e-04
2.512400e-08	0.000000e+00	1.000000e+00	0.000000e+00	1.657571e-03	-1.823183e-04
2.515600e-08	0.000000e+00	1.000000e+00	0.000000e+00	4.925422e-04	-6.473421e-04
2.522000e-08	0.000000e+00	1.000000e+00	0.000000e+00	-3.407836e-04	-4.449976e-04
2.534800e-08	0.000000e+00	1.000000e+00	0.000000e+00	-4.864792e-04	-7.422577e-05
2.560400e-08	0.000000e+00	1.000000e+00	0.000000e+00	-1.741611e-04	1.320012e-05
2.611600e-08	0.000000e+00	1.000000e+00	0.000000e+00	1.230601e-05	-5.836351e-06
2.707466e-08	0.000000e+00	1.000000e+00	0.000000e+00	5.022606e-05	5.271504e-06
2.867466e-08	0.000000e+00	1.000000e+00	0.000000e+00	-3.251746e-05	-2.791062e-06
3.000000e-08	0.000000e+00	1.000000e+00	3.308722e-14	3.672757e-05	5.089592e-06
3.001000e-08	0.000000e+00	1.000000e+00	1.000000e-01	2.939893e-04	2.108818e-05
3.003000e-08	0.000000e+00	1.000000e+00	3.000000e-01	6.269545e-04	3.010087e-05
3.007000e-08	0.000000e+00	1.000000e+00	7.000000e-01	6.142304e-04	-6.542203e-05
3.010000e-08	0.000000e+00	1.000000e+00	1.000000e+00	-1.538827e-04	-4.650702e-04
3.010800e-08	0.000000e+00	9.200000e-01	1.000000e+00	-8.223636e-04	-7.434352e-04
3.012400e-08	0.000000e+00	7.600000e-01	1.000000e+00	-1.996178e-03	-1.276323e-03
3.015600e-08	0.000000e+00	4.400000e-01	1.000000e+00	-3.774187e-03	-1.473521e-03
3.020000e-08	0.000000e+00	0.000000e+00	1.000000e+00	-4.046609e-03	-2.724151e-04
3.020640e-08	0.000000e+00	0.000000e+00	1.000000e+00	-3.524662e-03	1.154959e-04
3.021920e-08	0.000000e+00	0.000000e+00	1.000000e+00	-2.783255e-03	6.711848e-04
3.024480e-08	0.000000e+00	0.000000e+00	1.000000e+00	-1.402042e-03	1.028119e-03
3.029600e-08	0.000000e+00	0.000000e+00	1.000000e+00	-1.888786e-05	7.150745e-04
3.039840e-08	0.000000e+00	0.000000e+00	1.000000e+00	5.813843e-04	4.660744e-05
3.060320e-08	0.000000e+00	0.000000e+00	1.000000e+00	2.577916e-04	-2.681471e-05
3.101280e-08	0.000000e+00	0.000000e+00	1.000000e+00	-2.544314e-05	2.058955e-05
3.179863e-08	0.000000e+00	0.000000e+00	1.000000e+00	-2.321149e-05	-3.212285e-05
3.337029e-08	0.000000e+00	0.000000e+00	1.000000e+00	-1.159536e-05	3.129745e-05
3.497029e-08	0.000000e+00	0.000000e+00	1.000000e+00	5.434070e-05	-2.728663e-05
3.500000e-08	0.000000e+00	0.000000e+00	1.000000e+00	1.258702e-04	2.093011e-05
3.501000e-08	1.000000e-01	1.000000e-01	1.000000e+00	1.022873e-03	3.666952e-04
3.503000e-08	3.000000e-01	3.000000e-01	1.000000e+00	2.271266e-03	7.296232e-04
3.507000e-08	7.000000e-01	7.000000e-01	1.000000e+00	4.692206e-03	7.876088e-04
3.510000e-08	1.000000e+00	1.000000e+00	1.000000e+00	5.595136e-03	2.557225e-04
3.510800e-08	1.000000e+00	1.000000e+00	1.000000e+00	4.983241e-03	-1.496887e-05
3.512400e-08	1.000000e+00	1.000000e+00	1.000000e+00	3.947173e-03	-4.043176e-04
3.515600e-08	1.000000e+00	1.000000e+00	1.000000e+00	8.474258e-04	-6.372328e-04
3.522000e-08	1.000000e+00	1.000000e+00	1.000000e+00	-5.545621e-03	-2.566908e-04
3.534800e-08	1.000000e+00	1.000000e+00	1.000000e+00	-1.156070e-02	3.881878e-05
3.560400e-08	1.000000e+00	1.000000e+00	1.000000e+00	9.159201e-02	2.267474e-05
3.611600e-08	1.000000e+00	1.000000e+00	1.000000e+00	8.269453e-01	7.831423e-05
3.695568e-08	1.000000e+00	1.000000e+00	1.000000e+00	1.052694e+00	-1.849229e-04
3.782183e-08	1.000000e+00	1.000000e+00	1.000000e+00	9.572760e-01	2.245952e-04
3.942183e-08	1.000000e+00	1.000000e+00	1.000000e+00	1.035325e+00	-2.288825e-04
4.010000e-08	1.000000e+00	1.000000e+00	1.000000e+00	9.734606e-01	2.238166e-04
4.011000e-08	1.000000e+00	9.000000e-01	9.000000e-01	9.772564e-01	5.346376e-06
4.013000e-08	1.000000e+00	7.000000e-01	7.000000e-01	9.836216e-01	-6.233672e-04
4.017000e-08	1.000000e+00	3.000000e-01	3.000000e-01	9.934236e-01	-9.350115e-04
4.020000e-08	1.000000e+00	0.000000e+00	0.000000e+00	1.001873e+00	-2.331971e-04
4.020800e-08	1.000000e+00	0.000000e+00	0.000000e+00	1.004240e+00	2.255057e-04
4.022400e-08	1.000000e+00	0.000000e+00	0.000000e+00	1.007350e+00	7.638695e-04
4.025600e-08	1.000000e+00	0.000000e+00	0.000000e+00	1.004375e+00	3.852109e-04
4.032000e-08	1.000000e+00	0.000000e+00	0.000000e+00	9.780223e-01	-2.227327e-03
4.044800e-08	1.000000e+00	0.000000e+00	0.000000e+00	9.432462e-01	-2.758075e-03
4.070400e-08	1.000000e+00	0.000000e+00	0.000000e+00	9.847514e-01	2.685783e-03
4.112498e-08	1.000000e+00	0.000000e+00	0.000000e+00	1.005169e+00	-4.355702e-04
4.173088e-08	1.000000e+00	0.000000e+00	0.000000e+00	9.959833e-01	1.888395e-04
4.282464e-08	1.000000e+00	0.000000e+00	0.000000e+00	1.002203e+00	-7.163750e-05
4.442464e-08	1.000000e+00	0.000000e+00	0.000000e+00	9.977270e-01	3.057856e-05
4.500000e-08	1.000000e+00	0.000000e+00	0.000000e+00	1.000984e+00	4.766992e-05
4.501000e-08	1.000000e+00	1.000000e-01	0.000000e+00	1.001105e+00	4.714627e-04
4.503000e-08	1.000000e+00	3.000000e-01	0.000000e+00	1.001063e+00	1.076190e-03
4.507000e-08	1.000000e+00	7.000000e-01	0.000000e+00	9.957018e-01	1.647245e-03
4.510000e-08	1.000000e+00	1.000000e+00	0.000000e+00	9.849560e-01	1.565792e-03
4.510800e-08	9.200000e-01	1.000000e+00	0.000000e+00	9.823098e-01	1.228716e-03
4.512400e-08	7.600000e-01	1.000000e+00	0.000000e+00	9.787845e-01	6.539367e-04
4.515600e-08	4.400000e-01	1.000000e+00	0.000000e+00	9.782090e-01	-4.417890e-04
4.520000e-08	0.000000e+00	1.000000e+00	0.000000e+00	9.822351e-01	-2.285822e-03
4.520640e-08	0.000000e+00	1.000000e+00	0.000000e+00	9.829994e-01	-2.612584e-03
4.521920e-08	0.000000e+00	1.000000e+00	0.000000e+00	9.844742e-01	-3.268456e-03
4.524480e-08	0.000000e+00	1.000000e+00	0.000000e+00	9.871568e-01	-4.715789e-03
4.529600e-08	0.000000e+00	1.000000e+00	0.000000e+00	9.913308e-01	-6.530061e-03
4.539840e-08	0.000000e+00	1.000000e+00	0.000000e+00	9.959918e-01	-2.328944e-03
4.560320e-08	0.000000e+00	1.000000e+00	0.000000e+00	9.972752e-01	1.869879e-01
4.601280e-08	0.000000e+00	1.000000e+00	0.000000e+00	9.966582e-01	9.279873e-01
4.678266e-08	0.000000e+00	1.000000e+00	0.000000e+00	1.000419e+00	1.046030e+00
4.757769e-08	0.000000e+00	1.000000e+00	0.000000e+00	9.996789e-01	9.620242e-01
4.902311e-08	0.000000e+00	1.000000e+00	0.000000e+00	9.999919e-01	1.032426e+00
5.000000e-08	0.000000e+00	1.000000e+00	0.000000e+00	9.998368e-01	9.724106e-01
5.001000e-08	0.000000e+00	1.000000e+00	1.000000e-01	9.999858e-01	9.773714e-01
5.003000e-08	0.000000e+00	1.000000e+00	3.000000e-01	1.000187e+00	9.855043e-01
5.007000e-08	0.000000e+00	1.000000e+00	7.000000e-01	1.000052e+00	9.940478e-01
5.010000e-08	0.000000e+00	1.000000e+00	1.000000e+00	9.992054e-01	9.959263e-01
5.010800e-08	0.000000e+00	9.200000e-01	1.000000e+00	9.986140e-01	9.960420e-01
5.012400e-08	0.000000e+00	7.600000e-01	1.000000e+00	9.976674e-01	9.965711e-01
5.015600e-08	0.000000e+00	4.400000e-01	1.000000e+00	9.970598e-01	1.000679e+00
5.020000e-08	0.000000e+00	0.000000e+00	1.000000e+00	9.980020e-01	1.016315e+00
5.020640e-08	0.000000e+00	0.000000e+00	1.000000e+00	9.985296e-01	1.018702e+00
5.021920e-08	0.000000e+00	0.000000e+00	1.000000e+00	9.995088e-01	1.021392e+00
5.024480e-08	0.000000e+00	0.000000e+00	1.000000e+00	1.001165e+00	1.008871e+00
5.029600e-08	0.000000e+00	0.000000e+00	1.000000e+00	1.002786e+00	8.403876e-01
5.039840e-08	0.000000e+00	0.000000e+00	1.000000e+00	1.002137e+00	2.144844e-01
5.060320e-08	0.000000e+00	0.000000e+00	1.000000e+00	9.999003e-01	-7.278558e-02
5.082817e-08	0.000000e+00	0.000000e+00	1.000000e+00	9.999005e-01	4.155352e-02
5.127810e-08	0.000000e+00	0.000000e+00	1.000000e+00	9.999010e-01	-2.941313e-02
5.177026e-08	0.000000e+00	0.000000e+00	1.000000e+00	9.999344e-01	2.298717e-02
5.275456e-08	0.000000e+00	0.000000e+00	1.000000e+00	9.999165e-01	-1.967873e-02
5.435456e-08	0.000000e+00	0.000000e+00	1.000000e+00	9.999552e-01	1.841390e-02
5.500000e-08	0.000000e+00	0.000000e+00	1.000000e+00	9.999247e-01	-1.472499e-02
5.501000e-08	0.000000e+00	1.000000e-01	1.000000e+00	1.000296e+00	-1.079291e-02
5.503000e-08	0.000000e+00	3.000000e-01	1.000000e+00	1.001402e+00	-4.915980e-03
5.507000e-08	0.000000e+00	7.000000e-01	1.000000e+00	1.002952e+00	-2.241327e-04
5.510000e-08	0.000000e+00	1.000000e+00	1.000000e+00	1.003163e+00	1.407046e-04
5.510800e-08	0.000000e+00	1.000000e+00	1.000000e+00	1.002717e+00	-9.097536e-05
5.512400e-08	0.000000e+00	1.000000e+00	1.000000e+00	1.001984e+00	-4.356474e-04
5.515600e-08	0.000000e+00	1.000000e+00	1.000000e+00	1.000970e+00	-6.957026e-04
5.522000e-08	0.000000e+00	1.000000e+00	1.000000e+00	1.000605e+00	-4.449104e-04
5.534800e-08	0.000000e+00	1.000000e+00	1.000000e+00	1.004325e+00	-7.498518e-05
5.560400e-08	0.000000e+00	1.000000e+00	1.000000e+00	1.022133e+00	1.430986e-05
5.611600e-08	0.000000e+00	1.000000e+00	1.000000e+00	4.952866e-01	-6.366294e-05
5.672206e-08	0.000000e+00	1.000000e+00	1.000000e+00	-4.083800e-02	7.699244e-05
5.772140e-08	0.000000e+00	1.000000e+00	1.000000e+00	2.277410e-02	-3.815720e-05
5.891337e-08	0.000000e+00	1.000000e+00	1.000000e+00	-1.297793e-02	2.864292e-05
6.010000e-08	0.000000e+00	1.000000e+00	1.000000e+00	7.707308e-03	-3.324883e-06
6.011000e-08	0.000000e+00	9.000000e-01	9.000000e-01	6.938062e-03	-1.688187e-04
6.013000e-08	0.000000e+00	7.000000e-01	7.000000e-01	5.038845e-03	-6.264033e-04
6.017000e-08	0.000000e+00	3.000000e-01	3.000000e-01	2.337434e-03	-7.237833e-04
6.020000e-08	0.000000e+00	6.550316e-14	0.000000e+00	2.085377e-03	-8.177413e-05
6.020800e-08	0.000000e+00	0.000000e+00	0.000000e+00	2.808035e-03	2.955960e-04
6.022400e-08	0.000000e+00	0.000000e+00	0.000000e+00	3.635255e-03	7.200008e-04
6.025600e-08	0.000000e+00	0.000000e+00	0.000000e+00	4.088470e-03	4.013680e-04
6.032000e-08	0.000000e+00	0.000000e+00	0.000000e+00	1.315499e-03	-1.089235e-03
6.044800e-08	0.000000e+00	0.000000e+00	0.000000e+00	-1.218267e-03	-5.792365e-04
6.066453e-08	0.000000e+00	0.000000e+00	0.000000e+00	1.538017e-03	1.189642e-03
6.107866e-08	0.000000e+00	0.000000e+00	0.000000e+00	1.840875e-04	-6.774672e-04
6.149299e-08	0.000000e+00	0.000000e+00	0.000000e+00	-5.877243e-05	4.393881e-04
6.232165e-08	0.000000e+00	0.000000e+00	0.000000e+00	1.156421e-04	-3.449197e-04
6.392165e-08	0.000000e+00	0.000000e+00	0.000000e+00	-7.948739e-05	3.073939e-04
6.500000e-08	0.000000e+00	0.000000e+00	0.000000e+00	1.175744e-04	-2.558678e-04
6.501000e-08	0.000000e+00	1.000000e-01	0.000000e+00	7.907007e-04	1.820142e-04
6.503000e-08	0.000000e+00	3.000000e-01	0.000000e+00	1.848124e-03	7.425144e-04
6.507000e-08	0.000000e+00	7.000000e-01	0.000000e+00	3.061052e-03	1.011911e-03
6.510000e-08	0.000000e+00	1.000000e+00	0.000000e+00	2.955284e-03	5.980789e-04
6.510800e-08	0.000000e+00	1.000000e+00	0.000000e+00	2.495123e-03	2.810960e-04
6.512400e-08	0.000000e+00	1.000000e+00	0.000000e+00	1.835679e-03	-2.028448e-04
6.515600e-08	0.000000e+00	1.000000e+00	0.000000e+00	6.360718e-04	-6.576218e-04
6.522000e-08	0.000000e+00	1.000000e+00	0.000000e+00	-2.439475e-04	-4.488275e-04
6.534800e-08	0.000000e+00	1.000000e+00	0.000000e+00	-4.448848e-04	-7.499435e-05
6.560400e-08	0.000000e+00	1.000000e+00	0.000000e+00	-1.653165e-04	1.377648e-05
6.611600e-08	0.000000e+00	1.000000e+00	0.000000e+00	1.918031e-05	-6.145620e-06
6.707491e-08	0.000000e+00	1.000000e+00	0.000000e+00	4.943267e-05	5.903451e-06
6.867491e-08	0.000000e+00	1.000000e+00	0.000000e+00	-2.323517e-05	-3.220662e-06
7.000000e-08	0.000000e+00	1.000000e+00	0.000000e+00	3.633822e-05	5.657446e-06
7.001000e-08	0.000000e+00	1.000000e+00	1.000000e-01	2.989023e-04	3.721293e-05
7.003000e-08	0.000000e+00	1.000000e+00	3.000000e-01	6.401069e-04	4.140199e-05
7.007000e-08	0.000000e+00	1.000000e+00	7.000000e-01	6.189926e-04	-5.743820e-05
7.010000e-08	0.000000e+00	1.000000e+00	1.000000e+00	-1.560265e-04	-4.559494e-04
7.010800e-08	0.000000e+00	9.200000e-01	1.000000e+00	-8.264282e-04	-7.354462e-04
7.012400e-08	0.000000e+00	7.600000e-01	1.000000e+00	-2.002200e-03	-1.271915e-03
7.015600e-08	0.000000e+00	4.400000e-01	1.000000e+00	-3.777284e-03	-1.473835e-03
7.020000e-08	0.000000e+00	6.550316e-14	1.000000e+00	-4.041945e-03	-2.731094e-04
7.020640e-08	0.000000e+00	0.000000e+00	1.000000e+00	-3.520227e-03	1.150950e-04
7.021920e-08	0.000000e+00	0.000000e+00	1.000000e+00	-2.778683e-03	6.712309e-04
7.024480e-08	0.000000e+00	0.000000e+00	1.000000e+00	-1.397891e-03	1.028776e-03
7.029600e-08	0.000000e+00	0.000000e+00	1.000000e+00	-1.549515e-05	7.159658e-04
7.039840e-08	0.000000e+00	0.000000e+00	1.000000e+00	5.831278e-04	4.687205e-05
7.060320e-08	0.000000e+00	0.000000e+00	1.000000e+00	2.577657e-04	-2.692526e-05
7.101280e-08	0.000000e+00	0.000000e+00	1.000000e+00	-2.589748e-05	2.065788e-05
7.179863e-08	0.000000e+00	0.000000e+00	1.000000e+00	-2.388102e-05	-3.226819e-05
7.337030e-08	0.000000e+00	0.000000e+00	1.000000e+00	-1.157220e-05	3.142960e-05
7.497030e-08	0.000000e+00	0.000000e+00	1.000000e+00	5.431156e-05	-2.740632e-05
7.500000e-08	0.000000e+00	0.000000e+00	1.000000e+00	1.260550e-04	2.101943e-05
7.501000e-08	0.000000e+00	1.000000e-01	1.000000e+00	7.698692e-04	3.660302e-04
7.503000e-08	0.000000e+00	3.000000e-01	1.000000e+00	1.639820e-03	7.283684e-04
7.507000e-08	0.000000e+00	7.000000e-01	1.000000e+00	2.980633e-03	7.847285e-04
7.510000e-08	0.000000e+00	1.000000e+00	1.000000e+00	2.922176e-03	2.527902e-04
7.510800e-08	0.000000e+00	1.000000e+00	1.000000e+00	2.456289e-03	-1.600933e-05
7.512400e-08	0.000000e+00	1.000000e+00	1.000000e+00	1.766751e-03	-4.022714e-04
7.515600e-08	0.000000e+00	1.000000e+00	1.000000e+00	4.031763e-04	-6.297414e-04
7.522000e-08	0.000000e+00	1.000000e+00	1.000000e+00	-1.189911e-03	-2.500765e-04
7.534800e-08	0.000000e+00	1.000000e+00	1.000000e+00	-1.094439e-03	3.775062e-05
7.560400e-08	0.000000e+00	1.000000e+00	1.000000e+00	-1.290959e-04	-1.633570e-05
7.611600e-08	0.000000e+00	1.000000e+00	1.000000e+00	1.360706e-04	1.223079e-05
7.713624e-08	0.000000e+00	1.000000e+00	1.000000e+00	-3.296892e-05	-1.931864e-05
7.873343e-08	0.000000e+00	1.000000e+00	1.000000e+00	1.610187e-05	1.892663e-05
8.000000e-08	0.000000e+00	1.000000e+00	1.000000e+00	7.150688e-06	-1.512184e-05
