time (time)	v(in) (voltage)	v(sel) (voltage)	v(rw) (voltage)	v(yyyy_latch) (voltage)	v(yyyy_cell) (voltage)
0.000000e+00	0.000000e+00	0.000000e+00	0.000000e+00	9.999638e-01	6.731918e-08
1.000000e-12	0.000000e+00	0.000000e+00	0.000000e+00	9.999625e-01	-3.914606e-06
2.000000e-12	0.000000e+00	0.000000e+00	0.000000e+00	9.999607e-01	-2.953262e-06
4.000000e-12	0.000000e+00	0.000000e+00	0.000000e+00	9.999612e-01	-1.780418e-06
8.000000e-12	0.000000e+00	0.000000e+00	0.000000e+00	9.999661e-01	-1.317040e-06
1.600000e-11	0.000000e+00	0.000000e+00	0.000000e+00	9.999682e-01	-1.122042e-06
3.200000e-11	0.000000e+00	0.000000e+00	0.000000e+00	9.999700e-01	-7.815043e-07
6.400000e-11	0.000000e+00	0.000000e+00	0.000000e+00	9.999729e-01	-4.637649e-07
1.280000e-10	0.000000e+00	0.000000e+00	0.000000e+00	9.999702e-01	-2.550630e-07
2.560000e-10	0.000000e+00	0.000000e+00	0.000000e+00	9.999679e-01	-9.355512e-08
5.120000e-10	0.000000e+00	0.000000e+00	0.000000e+00	9.999662e-01	-3.401915e-08
1.024000e-09	0.000000e+00	0.000000e+00	0.000000e+00	9.999649e-01	3.087458e-08
2.048000e-09	0.000000e+00	0.000000e+00	0.000000e+00	9.999643e-01	3.469612e-08
3.648000e-09	0.000000e+00	0.000000e+00	0.000000e+00	9.999640e-01	6.168192e-08
5.248000e-09	0.000000e+00	0.000000e+00	0.000000e+00	9.999641e-01	4.356968e-08
6.848000e-09	0.000000e+00	0.000000e+00	0.000000e+00	9.999643e-01	6.162283e-08
8.448000e-09	0.000000e+00	0.000000e+00	0.000000e+00	9.999644e-01	4.372705e-08
1.000000e-08	0.000000e+00	0.000000e+00	0.000000e+00	9.999644e-01	6.103239e-08
1.001000e-08	0.000000e+00	0.000000e+00	1.000000e-01	1.000070e+00	1.388938e-05
1.003000e-08	0.000000e+00	0.000000e+00	3.000000e-01	1.000233e+00	1.148755e-05
1.007000e-08	0.000000e+00	0.000000e+00	7.000000e-01	1.000281e+00	-2.179874e-04
1.010000e-08	0.000000e+00	0.000000e+00	1.000000e+00	9.999313e-01	-1.082503e-03
1.010800e-08	0.000000e+00	0.000000e+00	1.000000e+00	9.997958e-01	-1.084871e-03
1.012400e-08	0.000000e+00	0.000000e+00	1.000000e+00	9.996199e-01	-7.977480e-04
1.015600e-08	0.000000e+00	0.000000e+00	1.000000e+00	9.995470e-01	3.356412e-05
1.020000e-08	0.000000e+00	0.000000e+00	1.000000e+00	9.996610e-01	4.175500e-04
1.020640e-08	0.000000e+00	0.000000e+00	1.000000e+00	9.996869e-01	4.037816e-04
1.021920e-08	0.000000e+00	0.000000e+00	1.000000e+00	9.997373e-01	4.047926e-04
1.024480e-08	0.000000e+00	0.000000e+00	1.000000e+00	9.997992e-01	4.021236e-04
1.029600e-08	0.000000e+00	0.000000e+00	1.000000e+00	9.998791e-01	3.021204e-04
1.039840e-08	0.000000e+00	0.000000e+00	1.000000e+00	9.999511e-01	6.836203e-06
1.060320e-08	0.000000e+00	0.000000e+00	1.000000e+00	9.999778e-01	4.516314e-05
1.101280e-08	0.000000e+00	0.000000e+00	1.000000e+00	9.999665e-01	-3.724477e-05
1.183200e-08	0.000000e+00	0.000000e+00	1.000000e+00	9.999641e-01	3.437142e-05
1.343200e-08	0.000000e+00	0.000000e+00	1.000000e+00	9.999631e-01	-3.780339e-05
1.500000e-08	0.000000e+00	0.000000e+00	1.000000e+00	9.999593e-01	3.640859e-05
1.501000e-08	0.000000e+00	1.000000e-01	1.000000e+00	1.000151e+00	3.691668e-04
1.503000e-08	0.000000e+00	3.000000e-01	1.000000e+00	1.000257e+00	6.946692e-04
1.507000e-08	0.000000e+00	7.000000e-01	1.000000e+00	9.872810e-01	7.059567e-04
1.510000e-08	0.000000e+00	1.000000e+00	1.000000e+00	9.647059e-01	3.192136e-04
1.510800e-08	0.000000e+00	1.000000e+00	1.000000e+00	9.609772e-01	1.021913e-04
1.512400e-08	0.000000e+00	1.000000e+00	1.000000e+00	9.556120e-01	-1.825535e-04
1.515600e-08	0.000000e+00	1.000000e+00	1.000000e+00	9.494791e-01	-3.431730e-04
1.522000e-08	0.000000e+00	1.000000e+00	1.000000e+00	9.521593e-01	-1.528363e-04
1.534800e-08	0.000000e+00	1.000000e+00	1.000000e+00	9.820528e-01	-1.045913e-04
1.559689e-08	0.000000e+00	1.000000e+00	1.000000e+00	1.009300e+00	-7.849921e-06
1.590483e-08	0.000000e+00	1.000000e+00	1.000000e+00	4.200850e-01	-1.273790e-04
1.652071e-08	0.000000e+00	1.000000e+00	1.000000e+00	-1.189544e-01	1.537209e-04
1.710259e-08	0.000000e+00	1.000000e+00	1.000000e+00	7.937148e-02	-8.914018e-05
1.813433e-08	0.000000e+00	1.000000e+00	1.000000e+00	-5.674399e-02	7.080080e-05
1.918696e-08	0.000000e+00	1.000000e+00	1.000000e+00	4.578655e-02	-4.034352e-05
2.010000e-08	0.000000e+00	1.000000e+00	1.000000e+00	-3.301498e-02	1.347386e-05
2.011000e-08	0.000000e+00	9.000000e-01	9.000000e-01	-2.818853e-02	-6.514474e-05
2.013000e-08	0.000000e+00	7.000000e-01	7.000000e-01	-2.110739e-02	-3.480454e-04
2.017000e-08	0.000000e+00	3.000000e-01	3.000000e-01	-1.361766e-02	-5.439265e-04
2.020000e-08	0.000000e+00	0.000000e+00	0.000000e+00	-9.468681e-03	-1.818190e-04
2.020800e-08	0.000000e+00	0.000000e+00	0.000000e+00	-7.890443e-03	1.435661e-04
2.022400e-08	0.000000e+00	0.000000e+00	0.000000e+00	-5.343887e-03	5.105832e-04
2.025600e-08	0.000000e+00	0.000000e+00	0.000000e+00	-2.192451e-03	4.589911e-04
2.032000e-08	0.000000e+00	0.000000e+00	0.000000e+00	-2.714322e-04	-2.636581e-04
2.044800e-08	0.000000e+00	0.000000e+00	0.000000e+00	-4.847285e-04	-7.268275e-04
2.070400e-08	0.000000e+00	0.000000e+00	0.000000e+00	6.554943e-04	4.495551e-04
2.111017e-08	0.000000e+00	0.000000e+00	0.000000e+00	3.408391e-04	1.164378e-04
2.162299e-08	0.000000e+00	0.000000e+00	0.000000e+00	-1.618822e-04	-1.433115e-04
2.264863e-08	0.000000e+00	0.000000e+00	0.000000e+00	1.674499e-04	1.461336e-04
2.424863e-08	0.000000e+00	0.000000e+00	0.000000e+00	-1.299532e-04	-1.452126e-04
2.500000e-08	0.000000e+00	0.000000e+00	0.000000e+00	1.178499e-04	1.411837e-04
2.501000e-08	0.000000e+00	1.000000e-01	0.000000e+00	5.703855e-04	4.103363e-04
2.503000e-08	0.000000e+00	3.000000e-01	0.000000e+00	1.443834e-03	7.016600e-04
2.507000e-08	0.000000e+00	7.000000e-01	0.000000e+00	2.715728e-03	7.088305e-04
2.510000e-08	0.000000e+00	1.000000e+00	0.000000e+00	2.760235e-03	3.357623e-04
2.510800e-08	0.000000e+00	1.000000e+00	0.000000e+00	2.424298e-03	1.159142e-04
2.512400e-08	0.000000e+00	1.000000e+00	0.000000e+00	1.575207e-03	-1.768137e-04
2.515600e-08	0.000000e+00	1.000000e+00	0.000000e+00	4.452633e-04	-3.519221e-04
2.522000e-08	0.000000e+00	1.000000e+00	0.000000e+00	-7.397095e-04	-1.672657e-04
2.534800e-08	0.000000e+00	1.000000e+00	0.000000e+00	-6.722190e-04	-1.113305e-04
2.560400e-08	0.000000e+00	1.000000e+00	0.000000e+00	-1.456727e-04	-4.722474e-06
2.611600e-08	0.000000e+00	1.000000e+00	0.000000e+00	-6.459854e-06	-8.496693e-06
2.710514e-08	0.000000e+00	1.000000e+00	0.000000e+00	9.352472e-06	9.527293e-06
2.870514e-08	0.000000e+00	1.000000e+00	0.000000e+00	-3.400015e-06	-9.268561e-06
3.000000e-08	0.000000e+00	1.000000e+00	3.308722e-14	6.662100e-06	9.658175e-06
3.001000e-08	0.000000e+00	1.000000e+00	1.000000e-01	3.034462e-04	2.405773e-05
3.003000e-08	0.000000e+00	1.000000e+00	3.000000e-01	6.776244e-04	2.203528e-05
3.007000e-08	0.000000e+00	1.000000e+00	7.000000e-01	1.761131e-04	-2.101127e-04
3.010000e-08	0.000000e+00	1.000000e+00	1.000000e+00	-1.499869e-03	-1.091162e-03
3.010800e-08	0.000000e+00	9.200000e-01	1.000000e+00	-2.083828e-03	-1.156931e-03
3.012400e-08	0.000000e+00	7.600000e-01	1.000000e+00	-2.893489e-03	-1.104897e-03
3.015600e-08	0.000000e+00	4.400000e-01	1.000000e+00	-3.733646e-03	-5.137179e-04
3.020000e-08	0.000000e+00	0.000000e+00	1.000000e+00	-3.438617e-03	1.097488e-04
3.020640e-08	0.000000e+00	0.000000e+00	1.000000e+00	-2.853601e-03	3.424573e-04
3.021920e-08	0.000000e+00	0.000000e+00	1.000000e+00	-1.987277e-03	6.372988e-04
3.024480e-08	0.000000e+00	0.000000e+00	1.000000e+00	-4.531648e-04	7.697480e-04
3.029600e-08	0.000000e+00	0.000000e+00	1.000000e+00	1.014823e-03	3.679116e-04
3.039840e-08	0.000000e+00	0.000000e+00	1.000000e+00	1.153082e-03	8.484015e-05
3.060320e-08	0.000000e+00	0.000000e+00	1.000000e+00	2.024086e-04	-1.281420e-05
3.101280e-08	0.000000e+00	0.000000e+00	1.000000e+00	-6.657438e-05	7.107706e-06
3.183200e-08	0.000000e+00	0.000000e+00	1.000000e+00	5.482183e-05	-5.447095e-06
3.343200e-08	0.000000e+00	0.000000e+00	1.000000e+00	-6.130854e-05	4.966369e-06
3.500000e-08	0.000000e+00	0.000000e+00	1.000000e+00	5.747828e-05	-5.220162e-06
3.501000e-08	1.000000e-01	1.000000e-01	1.000000e+00	9.313788e-04	2.727955e-04
3.503000e-08	3.000000e-01	3.000000e-01	1.000000e+00	2.367509e-03	5.986900e-04
3.507000e-08	7.000000e-01	7.000000e-01	1.000000e+00	4.329881e-03	5.449161e-04
3.510000e-08	1.000000e+00	1.000000e+00	1.000000e+00	2.706410e-03	1.356045e-04
3.510800e-08	1.000000e+00	1.000000e+00	1.000000e+00	8.743498e-04	-6.148866e-05
3.512400e-08	1.000000e+00	1.000000e+00	1.000000e+00	-2.896898e-03	-3.071421e-04
3.515600e-08	1.000000e+00	1.000000e+00	1.000000e+00	-9.668956e-03	-4.021531e-04
3.522000e-08	1.000000e+00	1.000000e+00	1.000000e+00	-1.656234e-02	-1.337197e-04
3.534800e-08	1.000000e+00	1.000000e+00	1.000000e+00	1.110067e-02	-2.613793e-05
3.560400e-08	1.000000e+00	1.000000e+00	1.000000e+00	2.960409e-01	7.459788e-05
3.611600e-08	1.000000e+00	1.000000e+00	1.000000e+00	8.940693e-01	-4.778355e-05
3.666294e-08	1.000000e+00	1.000000e+00	1.000000e+00	1.022339e+00	-2.071554e-05
3.758491e-08	1.000000e+00	1.000000e+00	1.000000e+00	9.886291e-01	2.394979e-05
3.913140e-08	1.000000e+00	1.000000e+00	1.000000e+00	1.006145e+00	-2.368419e-05
4.010000e-08	1.000000e+00	1.000000e+00	1.000000e+00	9.983631e-01	2.247772e-05
4.011000e-08	1.000000e+00	9.000000e-01	9.000000e-01	9.969121e-01	-1.292313e-04
4.013000e-08	1.000000e+00	7.000000e-01	7.000000e-01	9.945773e-01	-5.015891e-04
4.017000e-08	1.000000e+00	3.000000e-01	3.000000e-01	9.933513e-01	-7.216252e-04
4.020000e-08	1.000000e+00	0.000000e+00	0.000000e+00	9.962804e-01	-3.281210e-04
4.020800e-08	1.000000e+00	0.000000e+00	0.000000e+00	9.979773e-01	4.687360e-05
4.022400e-08	1.000000e+00	0.000000e+00	0.000000e+00	1.001080e+00	4.666018e-04
4.025600e-08	1.000000e+00	0.000000e+00	0.000000e+00	1.005715e+00	3.871565e-04
4.032000e-08	1.000000e+00	0.000000e+00	0.000000e+00	1.000488e+00	-7.905547e-04
4.044800e-08	1.000000e+00	0.000000e+00	0.000000e+00	9.623325e-01	-2.386345e-03
4.070400e-08	1.000000e+00	0.000000e+00	0.000000e+00	9.402039e-01	5.999496e-04
4.114382e-08	1.000000e+00	0.000000e+00	0.000000e+00	9.961552e-01	1.153310e-03
4.187623e-08	1.000000e+00	0.000000e+00	0.000000e+00	9.992892e-01	-5.315535e-04
4.284360e-08	1.000000e+00	0.000000e+00	0.000000e+00	9.991317e-01	4.067275e-04
4.444360e-08	1.000000e+00	0.000000e+00	0.000000e+00	9.996431e-01	-3.534862e-04
4.500000e-08	1.000000e+00	0.000000e+00	0.000000e+00	9.996869e-01	2.782609e-04
4.501000e-08	1.000000e+00	1.000000e-01	0.000000e+00	9.999062e-01	5.373603e-04
4.503000e-08	1.000000e+00	3.000000e-01	0.000000e+00	9.997011e-01	8.470674e-04
4.507000e-08	1.000000e+00	7.000000e-01	0.000000e+00	9.848605e-01	9.515098e-04
4.510000e-08	1.000000e+00	1.000000e+00	0.000000e+00	9.644789e-01	5.267023e-04
4.510800e-08	9.200000e-01	1.000000e+00	0.000000e+00	9.610533e-01	-7.325394e-05
4.512400e-08	7.600000e-01	1.000000e+00	0.000000e+00	9.564481e-01	-1.506286e-03
4.515600e-08	4.400000e-01	1.000000e+00	0.000000e+00	9.547997e-01	-4.721361e-03
4.520000e-08	0.000000e+00	1.000000e+00	0.000000e+00	9.602074e-01	-8.063601e-03
4.520640e-08	0.000000e+00	1.000000e+00	0.000000e+00	9.614014e-01	-8.308099e-03
4.521920e-08	0.000000e+00	1.000000e+00	0.000000e+00	9.636940e-01	-8.659329e-03
4.524480e-08	0.000000e+00	1.000000e+00	0.000000e+00	9.678953e-01	-8.233698e-03
4.529600e-08	0.000000e+00	1.000000e+00	0.000000e+00	9.738242e-01	1.544860e-03
4.539840e-08	0.000000e+00	1.000000e+00	0.000000e+00	9.788452e-01	1.035360e-01
4.560320e-08	0.000000e+00	1.000000e+00	0.000000e+00	9.859510e-01	6.493690e-01
4.601280e-08	0.000000e+00	1.000000e+00	0.000000e+00	9.986088e-01	1.058785e+00
4.651697e-08	0.000000e+00	1.000000e+00	0.000000e+00	9.999402e-01	9.707102e-01
4.752530e-08	0.000000e+00	1.000000e+00	0.000000e+00	9.995661e-01	1.019813e+00
4.868106e-08	0.000000e+00	1.000000e+00	0.000000e+00	9.998152e-01	9.851484e-01
5.000000e-08	0.000000e+00	1.000000e+00	0.000000e+00	9.997534e-01	1.011091e+00
5.001000e-08	0.000000e+00	1.000000e+00	1.000000e-01	9.999172e-01	1.009968e+00
5.003000e-08	0.000000e+00	1.000000e+00	3.000000e-01	1.000113e+00	1.007871e+00
5.007000e-08	0.000000e+00	1.000000e+00	7.000000e-01	9.992433e-01	1.003726e+00
5.010000e-08	0.000000e+00	1.000000e+00	1.000000e+00	9.975403e-01	1.000596e+00
5.010800e-08	0.000000e+00	9.200000e-01	1.000000e+00	9.969019e-01	1.000096e+00
5.012400e-08	0.000000e+00	7.600000e-01	1.000000e+00	9.961793e-01	9.999605e-01
5.015600e-08	0.000000e+00	4.400000e-01	1.000000e+00	9.960978e-01	1.004279e+00
5.020000e-08	0.000000e+00	0.000000e+00	1.000000e+00	9.965519e-01	1.014961e+00
5.020640e-08	0.000000e+00	0.000000e+00	1.000000e+00	9.969879e-01	1.016259e+00
5.021920e-08	0.000000e+00	0.000000e+00	1.000000e+00	9.977764e-01	1.017219e+00
5.024480e-08	0.000000e+00	0.000000e+00	1.000000e+00	9.990758e-01	1.004251e+00
5.029600e-08	0.000000e+00	0.000000e+00	1.000000e+00	1.001193e+00	8.789520e-01
5.039840e-08	0.000000e+00	0.000000e+00	1.000000e+00	1.003000e+00	1.831189e-01
5.060320e-08	0.000000e+00	0.000000e+00	1.000000e+00	1.002209e+00	-6.973419e-02
5.080020e-08	0.000000e+00	0.000000e+00	1.000000e+00	1.000740e+00	5.113864e-02
5.119421e-08	0.000000e+00	0.000000e+00	1.000000e+00	9.997868e-01	-4.147286e-02
5.164677e-08	0.000000e+00	0.000000e+00	1.000000e+00	9.998662e-01	3.690888e-02
5.253367e-08	0.000000e+00	0.000000e+00	1.000000e+00	9.998588e-01	-3.334585e-02
5.389574e-08	0.000000e+00	0.000000e+00	1.000000e+00	9.999108e-01	3.257220e-02
5.500000e-08	0.000000e+00	0.000000e+00	1.000000e+00	9.998714e-01	-2.996608e-02
5.501000e-08	0.000000e+00	1.000000e-01	1.000000e+00	1.000328e+00	-1.775148e-02
5.503000e-08	0.000000e+00	3.000000e-01	1.000000e+00	1.001780e+00	-3.029456e-03
5.507000e-08	0.000000e+00	7.000000e-01	1.000000e+00	1.004007e+00	1.235144e-03
5.510000e-08	0.000000e+00	1.000000e+00	1.000000e+00	1.004068e+00	2.430893e-04
5.510800e-08	0.000000e+00	1.000000e+00	1.000000e+00	1.003501e+00	5.466516e-05
5.512400e-08	0.000000e+00	1.000000e+00	1.000000e+00	1.002586e+00	-1.935860e-04
5.515600e-08	0.000000e+00	1.000000e+00	1.000000e+00	1.001644e+00	-3.252073e-04
5.522000e-08	0.000000e+00	1.000000e+00	1.000000e+00	1.002483e+00	-1.701618e-04
5.534800e-08	0.000000e+00	1.000000e+00	1.000000e+00	1.011554e+00	-1.053624e-04
5.560400e-08	0.000000e+00	1.000000e+00	1.000000e+00	9.997964e-01	-1.087108e-05
5.611600e-08	0.000000e+00	1.000000e+00	1.000000e+00	2.223190e-01	-7.119472e-05
5.682548e-08	0.000000e+00	1.000000e+00	1.000000e+00	-1.089823e-01	1.193480e-04
5.762631e-08	0.000000e+00	1.000000e+00	1.000000e+00	8.321125e-02	-1.065580e-04
5.922631e-08	0.000000e+00	1.000000e+00	1.000000e+00	-6.511257e-02	9.437733e-05
6.010000e-08	0.000000e+00	1.000000e+00	1.000000e+00	4.995043e-02	-7.019640e-05
6.011000e-08	0.000000e+00	9.000000e-01	9.000000e-01	4.251154e-02	-1.976203e-04
6.013000e-08	0.000000e+00	7.000000e-01	7.000000e-01	2.997727e-02	-5.137687e-04
6.017000e-08	0.000000e+00	3.000000e-01	3.000000e-01	1.451055e-02	-6.097352e-04
6.020000e-08	0.000000e+00	6.550316e-14	0.000000e+00	8.624428e-03	-2.198823e-04
6.020800e-08	0.000000e+00	0.000000e+00	0.000000e+00	8.326850e-03	1.132617e-04
6.022400e-08	0.000000e+00	0.000000e+00	0.000000e+00	7.693254e-03	4.902802e-04
6.025600e-08	0.000000e+00	0.000000e+00	0.000000e+00	6.276353e-03	4.576862e-04
6.032000e-08	0.000000e+00	0.000000e+00	0.000000e+00	2.790589e-03	-2.480280e-04
6.044800e-08	0.000000e+00	0.000000e+00	0.000000e+00	-7.698935e-04	-7.282094e-04
6.070400e-08	0.000000e+00	0.000000e+00	0.000000e+00	5.235211e-04	4.431771e-04
6.104195e-08	0.000000e+00	0.000000e+00	0.000000e+00	5.953086e-04	1.806835e-04
6.155268e-08	0.000000e+00	0.000000e+00	0.000000e+00	-3.667759e-04	-1.642787e-04
6.257415e-08	0.000000e+00	0.000000e+00	0.000000e+00	3.528691e-04	1.586290e-04
6.417415e-08	0.000000e+00	0.000000e+00	0.000000e+00	-2.951234e-04	-1.534237e-04
6.500000e-08	0.000000e+00	0.000000e+00	0.000000e+00	2.678413e-04	1.588073e-04
6.501000e-08	0.000000e+00	1.000000e-01	0.000000e+00	6.534276e-04	5.655073e-04
6.503000e-08	0.000000e+00	3.000000e-01	0.000000e+00	1.690078e-03	7.410057e-04
6.507000e-08	0.000000e+00	7.000000e-01	0.000000e+00	2.645826e-03	7.069459e-04
6.510000e-08	0.000000e+00	1.000000e+00	0.000000e+00	2.579429e-03	3.362332e-04
6.510800e-08	0.000000e+00	1.000000e+00	0.000000e+00	2.246317e-03	1.168332e-04
6.512400e-08	0.000000e+00	1.000000e+00	0.000000e+00	1.439375e-03	-1.752309e-04
6.515600e-08	0.000000e+00	1.000000e+00	0.000000e+00	4.138264e-04	-3.493922e-04
6.522000e-08	0.000000e+00	1.000000e+00	0.000000e+00	-7.527025e-04	-1.670007e-04
6.534800e-08	0.000000e+00	1.000000e+00	0.000000e+00	-6.691764e-04	-1.105232e-04
6.560400e-08	0.000000e+00	1.000000e+00	0.000000e+00	-1.471750e-04	-4.870552e-06
6.611600e-08	0.000000e+00	1.000000e+00	0.000000e+00	-5.957674e-06	-8.246270e-06
6.710507e-08	0.000000e+00	1.000000e+00	0.000000e+00	8.411129e-06	9.304339e-06
6.870507e-08	0.000000e+00	1.000000e+00	0.000000e+00	-2.649766e-06	-9.040307e-06
7.000000e-08	0.000000e+00	1.000000e+00	0.000000e+00	5.793045e-06	9.417170e-06
7.001000e-08	0.000000e+00	1.000000e+00	1.000000e-01	3.036795e-04	2.322532e-05
7.003000e-08	0.000000e+00	1.000000e+00	3.000000e-01	6.805212e-04	2.133272e-05
7.007000e-08	0.000000e+00	1.000000e+00	7.000000e-01	8.743361e-05	-2.109529e-04
7.010000e-08	0.000000e+00	1.000000e+00	1.000000e+00	-1.530308e-03	-1.090981e-03
7.010800e-08	0.000000e+00	9.200000e-01	1.000000e+00	-2.112300e-03	-1.156636e-03
7.012400e-08	0.000000e+00	7.600000e-01	1.000000e+00	-2.920813e-03	-1.104433e-03
7.015600e-08	0.000000e+00	4.400000e-01	1.000000e+00	-3.762324e-03	-5.135252e-04
7.020000e-08	0.000000e+00	6.550316e-14	1.000000e+00	-3.453386e-03	1.097537e-04
7.020640e-08	0.000000e+00	0.000000e+00	1.000000e+00	-2.867329e-03	3.424495e-04
7.021920e-08	0.000000e+00	0.000000e+00	1.000000e+00	-1.998712e-03	6.372748e-04
7.024480e-08	0.000000e+00	0.000000e+00	1.000000e+00	-4.615637e-04	7.697088e-04
7.029600e-08	0.000000e+00	0.000000e+00	1.000000e+00	1.010993e-03	3.678885e-04
7.039840e-08	0.000000e+00	0.000000e+00	1.000000e+00	1.151775e-03	8.483034e-05
7.060320e-08	0.000000e+00	0.000000e+00	1.000000e+00	2.023145e-04	-1.281226e-05
7.101280e-08	0.000000e+00	0.000000e+00	1.000000e+00	-6.656500e-05	7.106288e-06
7.183200e-08	0.000000e+00	0.000000e+00	1.000000e+00	5.482238e-05	-5.445823e-06
7.343200e-08	0.000000e+00	0.000000e+00	1.000000e+00	-6.130266e-05	4.965170e-06
7.500000e-08	0.000000e+00	0.000000e+00	1.000000e+00	5.747526e-05	-5.218907e-06
7.501000e-08	0.000000e+00	1.000000e-01	1.000000e+00	6.652881e-04	2.720222e-04
7.503000e-08	0.000000e+00	3.000000e-01	1.000000e+00	1.710453e-03	5.975310e-04
7.507000e-08	0.000000e+00	7.000000e-01	1.000000e+00	2.785702e-03	5.435966e-04
7.510000e-08	0.000000e+00	1.000000e+00	1.000000e+00	2.447741e-03	1.394229e-04
7.510800e-08	0.000000e+00	1.000000e+00	1.000000e+00	1.917678e-03	-5.392109e-05
7.512400e-08	0.000000e+00	1.000000e+00	1.000000e+00	1.060387e-03	-2.947796e-04
7.515600e-08	0.000000e+00	1.000000e+00	1.000000e+00	-3.324198e-04	-3.904144e-04
7.522000e-08	0.000000e+00	1.000000e+00	1.000000e+00	-1.322142e-03	-1.355030e-04
7.534800e-08	0.000000e+00	1.000000e+00	1.000000e+00	-8.890915e-04	-5.259041e-05
7.560400e-08	0.000000e+00	1.000000e+00	1.000000e+00	2.095873e-04	1.683622e-05
7.611600e-08	0.000000e+00	1.000000e+00	1.000000e+00	2.059892e-05	-1.310539e-05
7.685684e-08	0.000000e+00	1.000000e+00	1.000000e+00	-2.994700e-05	1.153975e-05
7.809832e-08	0.000000e+00	1.000000e+00	1.000000e+00	3.308021e-05	-1.273503e-05
7.969832e-08	0.000000e+00	1.000000e+00	1.000000e+00	-3.169133e-05	9.690535e-06
8.000000e-08	0.000000e+00	1.000000e+00	1.000000e+00	2.155695e-05	-7.288757e-06
