time (time)	v(in) (voltage)	v(sel) (voltage)	v(rw) (voltage)	v(yyyy_latch) (voltage)	v(yyyy_cell) (voltage)
0.000000e+00	0.000000e+00	0.000000e+00	0.000000e+00	1.590148e-05	3.969832e-06
1.000000e-12	0.000000e+00	0.000000e+00	0.000000e+00	-4.599066e-06	1.082147e-05
2.000000e-12	0.000000e+00	0.000000e+00	0.000000e+00	-1.619505e-05	9.282011e-06
4.000000e-12	0.000000e+00	0.000000e+00	0.000000e+00	-3.260141e-05	7.346731e-06
8.000000e-12	0.000000e+00	0.000000e+00	0.000000e+00	-3.827274e-05	6.478398e-06
1.600000e-11	0.000000e+00	0.000000e+00	0.000000e+00	-3.813175e-05	6.340590e-06
3.200000e-11	0.000000e+00	0.000000e+00	0.000000e+00	-3.108041e-05	5.922654e-06
6.400000e-11	0.000000e+00	0.000000e+00	0.000000e+00	-2.855759e-05	5.413799e-06
1.280000e-10	0.000000e+00	0.000000e+00	0.000000e+00	-1.550482e-05	4.789700e-06
2.560000e-10	0.000000e+00	0.000000e+00	0.000000e+00	-7.905428e-06	4.461173e-06
5.120000e-10	0.000000e+00	0.000000e+00	0.000000e+00	3.370025e-06	4.194226e-06
1.024000e-09	0.000000e+00	0.000000e+00	0.000000e+00	7.973504e-06	4.108711e-06
2.048000e-09	0.000000e+00	0.000000e+00	0.000000e+00	1.274492e-05	4.018328e-06
3.648000e-09	0.000000e+00	0.000000e+00	0.000000e+00	1.299299e-05	4.022748e-06
5.248000e-09	0.000000e+00	0.000000e+00	0.000000e+00	1.413262e-05	3.997370e-06
6.848000e-09	0.000000e+00	0.000000e+00	0.000000e+00	1.294914e-05	4.021123e-06
8.448000e-09	0.000000e+00	0.000000e+00	0.000000e+00	1.385994e-05	3.998921e-06
1.000000e-08	0.000000e+00	0.000000e+00	0.000000e+00	1.280702e-05	4.020838e-06
1.001000e-08	0.000000e+00	0.000000e+00	1.000000e-01	2.567453e-04	1.996587e-05
1.003000e-08	0.000000e+00	0.000000e+00	3.000000e-01	6.032323e-04	2.297833e-05
1.007000e-08	0.000000e+00	0.000000e+00	7.000000e-01	9.394267e-04	-1.180417e-04
1.010000e-08	0.000000e+00	0.000000e+00	1.000000e+00	3.906249e-04	-6.827107e-04
1.010800e-08	0.000000e+00	0.000000e+00	1.000000e+00	6.385040e-05	-7.917890e-04
1.012400e-08	0.000000e+00	0.000000e+00	1.000000e+00	-3.851297e-04	-8.108698e-04
1.015600e-08	0.000000e+00	0.000000e+00	1.000000e+00	-7.456311e-04	-2.351202e-04
1.020000e-08	0.000000e+00	0.000000e+00	1.000000e+00	-5.568835e-04	3.657352e-04
1.020640e-08	0.000000e+00	0.000000e+00	1.000000e+00	-5.083450e-04	3.885888e-04
1.021920e-08	0.000000e+00	0.000000e+00	1.000000e+00	-4.255645e-04	4.149838e-04
1.024480e-08	0.000000e+00	0.000000e+00	1.000000e+00	-3.014171e-04	3.876808e-04
1.029600e-08	0.000000e+00	0.000000e+00	1.000000e+00	-1.166381e-04	2.331751e-04
1.039840e-08	0.000000e+00	0.000000e+00	1.000000e+00	2.112396e-05	2.852730e-05
1.060320e-08	0.000000e+00	0.000000e+00	1.000000e+00	1.988132e-05	-7.129400e-06
1.101280e-08	0.000000e+00	0.000000e+00	1.000000e+00	1.489351e-05	1.155217e-05
1.183200e-08	0.000000e+00	0.000000e+00	1.000000e+00	1.540901e-05	-2.348887e-06
1.343200e-08	0.000000e+00	0.000000e+00	1.000000e+00	1.516505e-05	9.727993e-06
1.500000e-08	0.000000e+00	0.000000e+00	1.000000e+00	1.506054e-05	-1.262892e-06
1.501000e-08	0.000000e+00	1.000000e-01	1.000000e+00	5.494398e-04	3.321023e-04
1.503000e-08	0.000000e+00	3.000000e-01	1.000000e+00	1.426916e-03	7.105821e-04
1.507000e-08	0.000000e+00	7.000000e-01	1.000000e+00	1.052414e-03	6.948896e-04
1.510000e-08	0.000000e+00	1.000000e+00	1.000000e+00	-1.474237e-03	2.817958e-04
1.510800e-08	0.000000e+00	1.000000e+00	1.000000e+00	-2.466541e-03	1.223492e-05
1.512400e-08	0.000000e+00	1.000000e+00	1.000000e+00	-3.975397e-03	-3.665543e-04
1.515600e-08	0.000000e+00	1.000000e+00	1.000000e+00	-4.905429e-03	-5.766602e-04
1.522000e-08	0.000000e+00	1.000000e+00	1.000000e+00	-3.396627e-03	-2.248887e-04
1.534800e-08	0.000000e+00	1.000000e+00	1.000000e+00	2.471587e-04	2.837975e-06
1.560400e-08	0.000000e+00	1.000000e+00	1.000000e+00	1.387015e-03	6.390342e-07
1.611600e-08	0.000000e+00	1.000000e+00	1.000000e+00	-3.909996e-05	6.687749e-06
1.714000e-08	0.000000e+00	1.000000e+00	1.000000e+00	8.338197e-05	1.501580e-06
1.835199e-08	0.000000e+00	1.000000e+00	1.000000e+00	-1.532701e-05	6.778313e-06
1.995199e-08	0.000000e+00	1.000000e+00	1.000000e+00	5.304612e-05	2.076262e-06
2.010000e-08	0.000000e+00	1.000000e+00	1.000000e+00	1.777743e-05	4.687436e-06
2.011000e-08	0.000000e+00	9.000000e-01	9.000000e-01	-5.363236e-04	-1.576803e-04
2.013000e-08	0.000000e+00	7.000000e-01	7.000000e-01	-1.915152e-03	-5.898766e-04
2.017000e-08	0.000000e+00	3.000000e-01	3.000000e-01	-3.527731e-03	-6.476464e-04
2.020000e-08	0.000000e+00	0.000000e+00	0.000000e+00	-3.336781e-03	-1.118250e-04
2.020800e-08	0.000000e+00	0.000000e+00	0.000000e+00	-2.314566e-03	2.697591e-04
2.022400e-08	0.000000e+00	0.000000e+00	0.000000e+00	-5.796725e-04	7.507200e-04
2.025600e-08	0.000000e+00	0.000000e+00	0.000000e+00	1.416701e-03	8.527529e-04
2.032000e-08	0.000000e+00	0.000000e+00	0.000000e+00	2.048397e-03	3.106987e-04
2.044800e-08	0.000000e+00	0.000000e+00	0.000000e+00	1.274836e-05	-3.203787e-04
2.070400e-08	0.000000e+00	0.000000e+00	0.000000e+00	-5.500663e-04	8.020725e-05
2.114111e-08	0.000000e+00	0.000000e+00	0.000000e+00	3.324090e-04	-3.319300e-05
2.176633e-08	0.000000e+00	0.000000e+00	0.000000e+00	-9.677737e-05	2.769915e-05
2.301675e-08	0.000000e+00	0.000000e+00	0.000000e+00	1.458179e-04	-1.551998e-05
2.461675e-08	0.000000e+00	0.000000e+00	0.000000e+00	-5.684482e-05	2.066296e-05
2.500000e-08	0.000000e+00	0.000000e+00	0.000000e+00	5.720917e-05	-5.532775e-06
2.501000e-08	0.000000e+00	1.000000e-01	0.000000e+00	6.276575e-04	3.625543e-04
2.503000e-08	0.000000e+00	3.000000e-01	0.000000e+00	1.762534e-03	8.242628e-04
2.507000e-08	0.000000e+00	7.000000e-01	0.000000e+00	2.942181e-03	9.610338e-04
2.510000e-08	0.000000e+00	1.000000e+00	0.000000e+00	2.860893e-03	6.165806e-04
2.510800e-08	0.000000e+00	1.000000e+00	0.000000e+00	2.356943e-03	3.055838e-04
2.512400e-08	0.000000e+00	1.000000e+00	0.000000e+00	1.484880e-03	-1.526051e-04
2.515600e-08	0.000000e+00	1.000000e+00	0.000000e+00	3.601048e-04	-4.630834e-04
2.522000e-08	0.000000e+00	1.000000e+00	0.000000e+00	-7.551133e-04	-3.594430e-04
2.534800e-08	0.000000e+00	1.000000e+00	0.000000e+00	-6.637995e-04	-9.585608e-05
2.560400e-08	0.000000e+00	1.000000e+00	0.000000e+00	-1.978202e-04	1.779438e-07
2.611600e-08	0.000000e+00	1.000000e+00	0.000000e+00	4.132961e-05	7.721476e-06
2.702411e-08	0.000000e+00	1.000000e+00	0.000000e+00	5.107828e-06	1.120938e-07
2.862411e-08	0.000000e+00	1.000000e+00	0.000000e+00	2.431011e-05	7.802753e-06
3.000000e-08	0.000000e+00	1.000000e+00	3.308722e-14	1.225364e-05	3.752636e-07
3.001000e-08	0.000000e+00	1.000000e+00	1.000000e-01	3.079275e-04	2.119633e-05
3.003000e-08	0.000000e+00	1.000000e+00	3.000000e-01	6.902524e-04	2.702347e-05
3.007000e-08	0.000000e+00	1.000000e+00	7.000000e-01	7.296227e-04	-1.385694e-04
3.010000e-08	0.000000e+00	1.000000e+00	1.000000e+00	-4.609299e-04	-8.283753e-04
3.010800e-08	0.000000e+00	9.200000e-01	1.000000e+00	-1.239895e-03	-1.068463e-03
3.012400e-08	0.000000e+00	7.600000e-01	1.000000e+00	-2.602693e-03	-1.396264e-03
3.015600e-08	0.000000e+00	4.400000e-01	1.000000e+00	-4.219841e-03	-1.108855e-03
3.020000e-08	0.000000e+00	0.000000e+00	1.000000e+00	-4.615146e-03	2.902536e-05
3.020640e-08	0.000000e+00	0.000000e+00	1.000000e+00	-4.029258e-03	3.503853e-04
3.021920e-08	0.000000e+00	0.000000e+00	1.000000e+00	-2.997482e-03	8.033325e-04
3.024480e-08	0.000000e+00	0.000000e+00	1.000000e+00	-1.411420e-03	1.018020e-03
3.029600e-08	0.000000e+00	0.000000e+00	1.000000e+00	2.651189e-04	6.277780e-04
3.039840e-08	0.000000e+00	0.000000e+00	1.000000e+00	9.960560e-04	3.746692e-05
3.060320e-08	0.000000e+00	0.000000e+00	1.000000e+00	3.851377e-04	-1.045658e-05
3.101280e-08	0.000000e+00	0.000000e+00	1.000000e+00	-3.330973e-05	1.312211e-05
3.183200e-08	0.000000e+00	0.000000e+00	1.000000e+00	1.019253e-04	-3.566753e-06
3.343200e-08	0.000000e+00	0.000000e+00	1.000000e+00	-6.877481e-05	1.079443e-05
3.500000e-08	0.000000e+00	0.000000e+00	1.000000e+00	1.007526e-04	-2.193300e-06
3.501000e-08	1.000000e-01	1.000000e-01	1.000000e+00	1.076949e-03	3.241014e-04
3.503000e-08	3.000000e-01	3.000000e-01	1.000000e+00	2.677747e-03	7.085521e-04
3.507000e-08	7.000000e-01	7.000000e-01	1.000000e+00	4.809108e-03	7.001847e-04
3.510000e-08	1.000000e+00	1.000000e+00	1.000000e+00	4.894920e-03	2.895040e-04
3.510800e-08	1.000000e+00	1.000000e+00	1.000000e+00	3.805159e-03	1.592128e-05
3.512400e-08	1.000000e+00	1.000000e+00	1.000000e+00	1.548129e-03	-3.705652e-04
3.515600e-08	1.000000e+00	1.000000e+00	1.000000e+00	-3.113335e-03	-5.952743e-04
3.522000e-08	1.000000e+00	1.000000e+00	1.000000e+00	-1.065097e-02	-2.336671e-04
3.534800e-08	1.000000e+00	1.000000e+00	1.000000e+00	-3.614825e-03	1.960984e-05
3.560400e-08	1.000000e+00	1.000000e+00	1.000000e+00	2.112602e-01	6.418820e-05
3.611600e-08	1.000000e+00	1.000000e+00	1.000000e+00	8.925330e-01	-1.906169e-06
3.619952e-08	1.000000e+00	1.000000e+00	1.000000e+00	9.394268e-01	-6.679983e-05
3.636657e-08	1.000000e+00	1.000000e+00	1.000000e+00	9.907678e-01	-6.833484e-05
3.670066e-08	1.000000e+00	1.000000e+00	1.000000e+00	1.001455e+00	2.766890e-05
3.736884e-08	1.000000e+00	1.000000e+00	1.000000e+00	9.990734e-01	-1.422534e-05
3.823647e-08	1.000000e+00	1.000000e+00	1.000000e+00	1.000370e+00	1.954856e-05
3.983647e-08	1.000000e+00	1.000000e+00	1.000000e+00	9.995777e-01	-1.048219e-05
4.010000e-08	1.000000e+00	1.000000e+00	1.000000e+00	9.999195e-01	1.367137e-05
4.011000e-08	1.000000e+00	9.000000e-01	9.000000e-01	9.992104e-01	-1.812687e-04
4.013000e-08	1.000000e+00	7.000000e-01	7.000000e-01	9.981079e-01	-6.997547e-04
4.017000e-08	1.000000e+00	3.000000e-01	3.000000e-01	9.987704e-01	-8.665684e-04
4.020000e-08	1.000000e+00	0.000000e+00	0.000000e+00	1.003176e+00	-3.060800e-04
4.020800e-08	1.000000e+00	0.000000e+00	0.000000e+00	1.005067e+00	1.194801e-04
4.022400e-08	1.000000e+00	0.000000e+00	0.000000e+00	1.007759e+00	5.853003e-04
4.025600e-08	1.000000e+00	0.000000e+00	0.000000e+00	1.005928e+00	1.706938e-04
4.032000e-08	1.000000e+00	0.000000e+00	0.000000e+00	9.839317e-01	-2.065151e-03
4.044800e-08	1.000000e+00	0.000000e+00	0.000000e+00	9.440945e-01	-2.764942e-03
4.070400e-08	1.000000e+00	0.000000e+00	0.000000e+00	9.702201e-01	2.651452e-03
4.117168e-08	1.000000e+00	0.000000e+00	0.000000e+00	1.007479e+00	3.424718e-05
4.177289e-08	1.000000e+00	0.000000e+00	0.000000e+00	9.953985e-01	-1.037880e-04
4.278667e-08	1.000000e+00	0.000000e+00	0.000000e+00	1.001818e+00	1.417225e-04
4.438667e-08	1.000000e+00	0.000000e+00	0.000000e+00	9.979287e-01	-1.318793e-04
4.500000e-08	1.000000e+00	0.000000e+00	0.000000e+00	1.000490e+00	1.327808e-04
4.501000e-08	1.000000e+00	1.000000e-01	0.000000e+00	1.000669e+00	5.124855e-04
4.503000e-08	1.000000e+00	3.000000e-01	0.000000e+00	1.000509e+00	1.035148e-03
4.507000e-08	1.000000e+00	7.000000e-01	0.000000e+00	9.913242e-01	1.389051e-03
4.510000e-08	1.000000e+00	1.000000e+00	0.000000e+00	9.766310e-01	1.456281e-03
4.510800e-08	9.200000e-01	1.000000e+00	0.000000e+00	9.736588e-01	1.017270e-03
4.512400e-08	7.600000e-01	1.000000e+00	0.000000e+00	9.697958e-01	1.930036e-04
4.515600e-08	4.400000e-01	1.000000e+00	0.000000e+00	9.688018e-01	-1.722373e-03
4.520000e-08	0.000000e+00	1.000000e+00	0.000000e+00	9.732362e-01	-4.724332e-03
4.520640e-08	0.000000e+00	1.000000e+00	0.000000e+00	9.742403e-01	-5.148516e-03
4.521920e-08	0.000000e+00	1.000000e+00	0.000000e+00	9.762241e-01	-5.931400e-03
4.524480e-08	0.000000e+00	1.000000e+00	0.000000e+00	9.799324e-01	-7.087683e-03
4.529600e-08	0.000000e+00	1.000000e+00	0.000000e+00	9.859038e-01	-6.495476e-03
4.539840e-08	0.000000e+00	1.000000e+00	0.000000e+00	9.919672e-01	2.299649e-02
4.560320e-08	0.000000e+00	1.000000e+00	0.000000e+00	9.932041e-01	4.802663e-01
4.601280e-08	0.000000e+00	1.000000e+00	0.000000e+00	9.965772e-01	1.029757e+00
4.648760e-08	0.000000e+00	1.000000e+00	0.000000e+00	1.000233e+00	9.811032e-01
4.743719e-08	0.000000e+00	1.000000e+00	0.000000e+00	9.994262e-01	1.014430e+00
4.847818e-08	0.000000e+00	1.000000e+00	0.000000e+00	9.999820e-01	9.881357e-01
5.000000e-08	0.000000e+00	1.000000e+00	0.000000e+00	9.996349e-01	1.009920e+00
5.001000e-08	0.000000e+00	1.000000e+00	1.000000e-01	9.998195e-01	1.008413e+00
5.003000e-08	0.000000e+00	1.000000e+00	3.000000e-01	1.000066e+00	1.005820e+00
5.007000e-08	0.000000e+00	1.000000e+00	7.000000e-01	9.997278e-01	1.002077e+00
5.010000e-08	0.000000e+00	1.000000e+00	1.000000e+00	9.985483e-01	9.997351e-01
5.010800e-08	0.000000e+00	9.200000e-01	1.000000e+00	9.978690e-01	9.993506e-01
5.012400e-08	0.000000e+00	7.600000e-01	1.000000e+00	9.968387e-01	9.991667e-01
5.015600e-08	0.000000e+00	4.400000e-01	1.000000e+00	9.963522e-01	1.003073e+00
5.020000e-08	0.000000e+00	0.000000e+00	1.000000e+00	9.968864e-01	1.014814e+00
5.020640e-08	0.000000e+00	0.000000e+00	1.000000e+00	9.974065e-01	1.015481e+00
5.021920e-08	0.000000e+00	0.000000e+00	1.000000e+00	9.983658e-01	1.013511e+00
5.024480e-08	0.000000e+00	0.000000e+00	1.000000e+00	9.999699e-01	9.860970e-01
5.029600e-08	0.000000e+00	0.000000e+00	1.000000e+00	1.002032e+00	7.616940e-01
5.039840e-08	0.000000e+00	0.000000e+00	1.000000e+00	1.002504e+00	1.348036e-01
5.060320e-08	0.000000e+00	0.000000e+00	1.000000e+00	1.000634e+00	-5.809171e-02
5.082161e-08	0.000000e+00	0.000000e+00	1.000000e+00	9.998521e-01	3.709015e-02
5.125844e-08	0.000000e+00	0.000000e+00	1.000000e+00	9.999246e-01	-2.825880e-02
5.178414e-08	0.000000e+00	0.000000e+00	1.000000e+00	9.999020e-01	2.366066e-02
5.283556e-08	0.000000e+00	0.000000e+00	1.000000e+00	9.998969e-01	-2.105149e-02
5.443556e-08	0.000000e+00	0.000000e+00	1.000000e+00	9.999019e-01	2.005488e-02
5.500000e-08	0.000000e+00	0.000000e+00	1.000000e+00	9.998881e-01	-1.643936e-02
5.501000e-08	0.000000e+00	1.000000e-01	1.000000e+00	1.000371e+00	-1.127762e-02
5.503000e-08	0.000000e+00	3.000000e-01	1.000000e+00	1.001595e+00	-4.011090e-03
5.507000e-08	0.000000e+00	7.000000e-01	1.000000e+00	1.003198e+00	4.841085e-04
5.510000e-08	0.000000e+00	1.000000e+00	1.000000e+00	1.003179e+00	4.754338e-04
5.510800e-08	0.000000e+00	1.000000e+00	1.000000e+00	1.002619e+00	1.987663e-04
5.512400e-08	0.000000e+00	1.000000e+00	1.000000e+00	1.001661e+00	-2.116774e-04
5.515600e-08	0.000000e+00	1.000000e+00	1.000000e+00	1.000593e+00	-4.736579e-04
5.522000e-08	0.000000e+00	1.000000e+00	1.000000e+00	1.001011e+00	-3.551965e-04
5.534800e-08	0.000000e+00	1.000000e+00	1.000000e+00	1.007136e+00	-9.558746e-05
5.560400e-08	0.000000e+00	1.000000e+00	1.000000e+00	1.009093e+00	-1.705712e-06
5.611600e-08	0.000000e+00	1.000000e+00	1.000000e+00	3.396192e-01	-6.174940e-05
5.670459e-08	0.000000e+00	1.000000e+00	1.000000e+00	-8.735340e-02	1.160821e-04
5.764687e-08	0.000000e+00	1.000000e+00	1.000000e+00	5.775944e-02	-8.294933e-05
5.885448e-08	0.000000e+00	1.000000e+00	1.000000e+00	-3.832836e-02	6.907403e-05
6.010000e-08	0.000000e+00	1.000000e+00	1.000000e+00	2.805869e-02	-4.065170e-05
6.011000e-08	0.000000e+00	9.000000e-01	9.000000e-01	2.446911e-02	-2.282592e-04
6.013000e-08	0.000000e+00	7.000000e-01	7.000000e-01	1.818417e-02	-6.640237e-04
6.017000e-08	0.000000e+00	3.000000e-01	3.000000e-01	1.006928e-02	-6.933032e-04
6.020000e-08	0.000000e+00	6.550316e-14	0.000000e+00	7.227975e-03	-1.499761e-04
6.020800e-08	0.000000e+00	0.000000e+00	0.000000e+00	7.511012e-03	2.238823e-04
6.022400e-08	0.000000e+00	0.000000e+00	0.000000e+00	7.798505e-03	6.578220e-04
6.025600e-08	0.000000e+00	0.000000e+00	0.000000e+00	7.143112e-03	4.132890e-04
6.032000e-08	0.000000e+00	0.000000e+00	0.000000e+00	3.183554e-03	-8.720955e-04
6.044800e-08	0.000000e+00	0.000000e+00	0.000000e+00	-9.871131e-04	-6.754037e-04
6.064028e-08	0.000000e+00	0.000000e+00	0.000000e+00	1.331524e-03	1.025249e-03
6.102483e-08	0.000000e+00	0.000000e+00	0.000000e+00	2.546253e-04	-3.515572e-04
6.138568e-08	0.000000e+00	0.000000e+00	0.000000e+00	5.746826e-05	1.599216e-04
6.210738e-08	0.000000e+00	0.000000e+00	0.000000e+00	-2.109908e-05	-9.601662e-05
6.355077e-08	0.000000e+00	0.000000e+00	0.000000e+00	1.243289e-04	8.679332e-05
6.500000e-08	0.000000e+00	0.000000e+00	0.000000e+00	-3.773265e-05	-6.328770e-05
6.501000e-08	0.000000e+00	1.000000e-01	0.000000e+00	6.708115e-04	3.135091e-04
6.503000e-08	0.000000e+00	3.000000e-01	0.000000e+00	1.828854e-03	7.903431e-04
6.507000e-08	0.000000e+00	7.000000e-01	0.000000e+00	3.053155e-03	9.387132e-04
6.510000e-08	0.000000e+00	1.000000e+00	0.000000e+00	2.949109e-03	6.016057e-04
6.510800e-08	0.000000e+00	1.000000e+00	0.000000e+00	2.440790e-03	2.917395e-04
6.512400e-08	0.000000e+00	1.000000e+00	0.000000e+00	1.561703e-03	-1.593518e-04
6.515600e-08	0.000000e+00	1.000000e+00	0.000000e+00	4.223477e-04	-5.542973e-04
6.522000e-08	0.000000e+00	1.000000e+00	0.000000e+00	-7.164779e-04	-3.531213e-04
6.534800e-08	0.000000e+00	1.000000e+00	0.000000e+00	-6.527661e-04	-1.027259e-04
6.560400e-08	0.000000e+00	1.000000e+00	0.000000e+00	-1.965413e-04	4.329715e-06
6.611600e-08	0.000000e+00	1.000000e+00	0.000000e+00	4.544225e-05	4.629694e-06
6.702397e-08	0.000000e+00	1.000000e+00	0.000000e+00	7.865846e-06	3.291514e-06
6.862397e-08	0.000000e+00	1.000000e+00	0.000000e+00	2.643507e-05	5.022113e-06
7.000000e-08	0.000000e+00	1.000000e+00	0.000000e+00	1.380339e-05	3.116842e-06
7.001000e-08	0.000000e+00	1.000000e+00	1.000000e-01	3.101500e-04	1.980052e-05
7.003000e-08	0.000000e+00	1.000000e+00	3.000000e-01	6.927171e-04	2.587169e-05
7.007000e-08	0.000000e+00	1.000000e+00	7.000000e-01	7.286030e-04	-1.280743e-04
7.010000e-08	0.000000e+00	1.000000e+00	1.000000e+00	-4.614419e-04	-8.234686e-04
7.010800e-08	0.000000e+00	9.200000e-01	1.000000e+00	-1.240076e-03	-1.064526e-03
7.012400e-08	0.000000e+00	7.600000e-01	1.000000e+00	-2.602444e-03	-1.393953e-03
7.015600e-08	0.000000e+00	4.400000e-01	1.000000e+00	-4.218656e-03	-1.107911e-03
7.020000e-08	0.000000e+00	6.550316e-14	1.000000e+00	-4.612403e-03	2.986957e-05
7.020640e-08	0.000000e+00	0.000000e+00	1.000000e+00	-4.026649e-03	3.512529e-04
7.021920e-08	0.000000e+00	0.000000e+00	1.000000e+00	-2.995093e-03	8.041916e-04
7.024480e-08	0.000000e+00	0.000000e+00	1.000000e+00	-1.409450e-03	1.018761e-03
7.029600e-08	0.000000e+00	0.000000e+00	1.000000e+00	2.662846e-04	6.281901e-04
7.039840e-08	0.000000e+00	0.000000e+00	1.000000e+00	9.962434e-04	3.750554e-05
7.060320e-08	0.000000e+00	0.000000e+00	1.000000e+00	3.847178e-04	-1.047337e-05
7.101280e-08	0.000000e+00	0.000000e+00	1.000000e+00	-3.357757e-05	1.313258e-05
7.183200e-08	0.000000e+00	0.000000e+00	1.000000e+00	1.018349e-04	-3.575384e-06
7.343200e-08	0.000000e+00	0.000000e+00	1.000000e+00	-6.879638e-05	1.080226e-05
7.500000e-08	0.000000e+00	0.000000e+00	1.000000e+00	1.007494e-04	-2.200377e-06
7.501000e-08	0.000000e+00	1.000000e-01	1.000000e+00	8.180395e-04	3.232615e-04
7.503000e-08	0.000000e+00	3.000000e-01	1.000000e+00	1.932842e-03	7.068429e-04
7.507000e-08	0.000000e+00	7.000000e-01	1.000000e+00	3.096550e-03	6.984113e-04
7.510000e-08	0.000000e+00	1.000000e+00	1.000000e+00	2.936080e-03	2.891678e-04
7.510800e-08	0.000000e+00	1.000000e+00	1.000000e+00	2.384832e-03	1.816147e-05
7.512400e-08	0.000000e+00	1.000000e+00	1.000000e+00	1.400186e-03	-3.638161e-04
7.515600e-08	0.000000e+00	1.000000e+00	1.000000e+00	1.926644e-05	-5.848393e-04
7.522000e-08	0.000000e+00	1.000000e+00	1.000000e+00	-1.414288e-03	-2.291878e-04
7.534800e-08	0.000000e+00	1.000000e+00	1.000000e+00	-1.135127e-03	3.250891e-06
7.560400e-08	0.000000e+00	1.000000e+00	1.000000e+00	-4.011387e-05	3.447686e-06
7.611600e-08	0.000000e+00	1.000000e+00	1.000000e+00	1.984624e-04	3.943194e-06
7.714000e-08	0.000000e+00	1.000000e+00	1.000000e+00	-6.372451e-05	4.080078e-06
7.833755e-08	0.000000e+00	1.000000e+00	1.000000e+00	7.020439e-05	3.877838e-06
7.993755e-08	0.000000e+00	1.000000e+00	1.000000e+00	-2.737418e-05	4.043874e-06
8.000000e-08	0.000000e+00	1.000000e+00	1.000000e+00	-1.130451e-04	4.470001e-06
