time (time)	v(in) (voltage)	v(sel) (voltage)	v(rw) (voltage)	v(yyyy_latch) (voltage)	v(yyyy_cell) (voltage)
0.000000e+00	0.000000e+00	0.000000e+00	0.000000e+00	8.999829e-01	6.837907e-07
1.000000e-12	9.000000e-03	9.000000e-03	0.000000e+00	9.002612e-01	3.301986e-04
2.000000e-12	1.800000e-02	1.800000e-02	0.000000e+00	9.004630e-01	5.178224e-04
4.000000e-12	3.600000e-02	3.600000e-02	0.000000e+00	9.007514e-01	7.351702e-04
8.000000e-12	7.200000e-02	7.200000e-02	0.000000e+00	9.008977e-01	6.917534e-04
1.600000e-11	1.440000e-01	1.440000e-01	0.000000e+00	9.006925e-01	3.680321e-04
3.200000e-11	2.880000e-01	2.880000e-01	0.000000e+00	8.997392e-01	2.418281e-04
6.400000e-11	5.760000e-01	5.760000e-01	0.000000e+00	8.910790e-01	-2.903245e-04
1.000000e-10	9.000000e-01	9.000000e-01	0.000000e+00	8.902764e-01	-1.423053e-02
1.064000e-10	9.000000e-01	9.000000e-01	0.000000e+00	8.909996e-01	-1.124374e-02
1.192000e-10	9.000000e-01	9.000000e-01	0.000000e+00	8.924776e-01	4.051916e-02
1.448000e-10	9.000000e-01	9.000000e-01	0.000000e+00	8.949970e-01	6.310071e-01
1.960000e-10	9.000000e-01	9.000000e-01	0.000000e+00	8.966245e-01	9.313589e-01
2.442889e-10	9.000000e-01	9.000000e-01	0.000000e+00	8.995028e-01	8.751567e-01
3.408666e-10	9.000000e-01	9.000000e-01	0.000000e+00	9.002793e-01	9.203840e-01
4.462766e-10	9.000000e-01	9.000000e-01	0.000000e+00	8.997101e-01	8.817937e-01
6.570965e-10	9.000000e-01	9.000000e-01	0.000000e+00	9.002594e-01	9.166328e-01
1.067608e-09	9.000000e-01	9.000000e-01	0.000000e+00	8.997064e-01	8.836112e-01
1.700253e-09	9.000000e-01	9.000000e-01	0.000000e+00	9.002601e-01	9.157036e-01
2.965544e-09	9.000000e-01	9.000000e-01	0.000000e+00	8.997062e-01	8.841631e-01
4.965544e-09	9.000000e-01	9.000000e-01	0.000000e+00	9.002597e-01	9.154194e-01
6.965544e-09	9.000000e-01	9.000000e-01	0.000000e+00	8.997065e-01	8.843848e-01
8.965544e-09	9.000000e-01	9.000000e-01	0.000000e+00	9.002591e-01	9.152052e-01
1.010000e-08	9.000000e-01	9.000000e-01	0.000000e+00	8.997073e-01	8.846924e-01
1.011000e-08	8.100000e-01	9.000000e-01	0.000000e+00	8.998267e-01	8.956921e-01
1.013000e-08	6.300000e-01	9.000000e-01	0.000000e+00	8.998791e-01	9.019298e-01
1.017000e-08	2.700000e-01	9.000000e-01	0.000000e+00	8.999723e-01	8.985825e-01
1.020000e-08	0.000000e+00	9.000000e-01	0.000000e+00	9.000806e-01	9.008231e-01
1.020800e-08	0.000000e+00	9.000000e-01	0.000000e+00	9.001715e-01	9.002073e-01
1.022400e-08	0.000000e+00	9.000000e-01	0.000000e+00	9.000863e-01	8.998867e-01
1.025600e-08	0.000000e+00	9.000000e-01	0.000000e+00	8.999458e-01	9.000264e-01
1.032000e-08	0.000000e+00	9.000000e-01	0.000000e+00	9.000059e-01	8.999247e-01
1.044800e-08	0.000000e+00	9.000000e-01	0.000000e+00	8.999654e-01	9.000151e-01
1.070400e-08	0.000000e+00	9.000000e-01	0.000000e+00	8.999985e-01	8.999314e-01
1.121600e-08	0.000000e+00	9.000000e-01	0.000000e+00	8.999681e-01	9.000119e-01
1.224000e-08	0.000000e+00	9.000000e-01	0.000000e+00	8.999973e-01	8.999331e-01
1.424000e-08	0.000000e+00	9.000000e-01	0.000000e+00	8.999687e-01	9.000111e-01
1.624000e-08	0.000000e+00	9.000000e-01	0.000000e+00	8.999970e-01	8.999337e-01
1.824000e-08	0.000000e+00	9.000000e-01	0.000000e+00	8.999690e-01	9.000105e-01
2.024000e-08	0.000000e+00	9.000000e-01	0.000000e+00	8.999967e-01	8.999343e-01
2.224000e-08	0.000000e+00	9.000000e-01	0.000000e+00	8.999693e-01	9.000099e-01
2.424000e-08	0.000000e+00	9.000000e-01	0.000000e+00	8.999964e-01	8.999348e-01
2.500000e-08	0.000000e+00	9.000000e-01	0.000000e+00	8.999699e-01	9.000088e-01
2.501000e-08	0.000000e+00	9.000000e-01	9.000000e-02	9.002428e-01	9.000713e-01
2.503000e-08	0.000000e+00	9.000000e-01	2.700000e-01	9.000806e-01	8.998852e-01
2.507000e-08	0.000000e+00	9.000000e-01	6.300000e-01	8.994844e-01	9.003693e-01
2.510000e-08	0.000000e+00	9.000000e-01	9.000000e-01	9.083190e-01	8.846583e-01
2.510639e-08	0.000000e+00	9.000000e-01	9.000000e-01	9.106684e-01	7.322181e-01
2.511918e-08	0.000000e+00	9.000000e-01	9.000000e-01	9.152690e-01	2.023706e-01
2.514475e-08	0.000000e+00	9.000000e-01	9.000000e-01	9.420200e-01	-4.786300e-02
2.517389e-08	0.000000e+00	9.000000e-01	9.000000e-01	8.799943e-01	3.364602e-02
2.521959e-08	0.000000e+00	9.000000e-01	9.000000e-01	3.753827e-01	-2.586390e-02
2.527354e-08	0.000000e+00	9.000000e-01	9.000000e-01	2.884778e-02	2.168838e-02
2.534525e-08	0.000000e+00	9.000000e-01	9.000000e-01	-3.724460e-03	-1.798721e-02
2.545240e-08	0.000000e+00	9.000000e-01	9.000000e-01	2.014728e-05	1.655032e-02
2.556828e-08	0.000000e+00	9.000000e-01	9.000000e-01	1.662640e-03	-1.474829e-02
2.580003e-08	0.000000e+00	9.000000e-01	9.000000e-01	-1.786415e-03	1.430481e-02
2.626220e-08	0.000000e+00	9.000000e-01	9.000000e-01	2.054842e-03	-1.373840e-02
2.697995e-08	0.000000e+00	9.000000e-01	9.000000e-01	-1.948099e-03	1.374199e-02
2.841545e-08	0.000000e+00	9.000000e-01	9.000000e-01	2.114824e-03	-1.342842e-02
3.041545e-08	0.000000e+00	9.000000e-01	9.000000e-01	-1.987929e-03	1.356236e-02
3.241545e-08	0.000000e+00	9.000000e-01	9.000000e-01	2.138570e-03	-1.327476e-02
3.441545e-08	0.000000e+00	9.000000e-01	9.000000e-01	-2.017267e-03	1.341499e-02
3.510000e-08	0.000000e+00	9.000000e-01	9.000000e-01	2.174879e-03	-1.299999e-02
3.511000e-08	0.000000e+00	9.000000e-01	8.100000e-01	9.885890e-05	-2.640269e-03
3.513000e-08	0.000000e+00	9.000000e-01	6.300000e-01	-7.721758e-04	1.549995e-03
3.517000e-08	0.000000e+00	9.000000e-01	2.700000e-01	3.301241e-03	-6.317393e-04
3.520000e-08	0.000000e+00	9.000000e-01	0.000000e+00	5.499182e-04	-1.745032e-04
3.520577e-08	0.000000e+00	9.000000e-01	0.000000e+00	-2.444986e-05	-5.824494e-04
3.521731e-08	0.000000e+00	9.000000e-01	0.000000e+00	-1.235599e-03	-2.938194e-04
3.524040e-08	0.000000e+00	9.000000e-01	0.000000e+00	-8.734187e-04	3.657590e-04
3.528656e-08	0.000000e+00	9.000000e-01	0.000000e+00	4.492743e-04	-1.463270e-04
3.534897e-08	0.000000e+00	9.000000e-01	0.000000e+00	9.823152e-05	1.103069e-04
3.547379e-08	0.000000e+00	9.000000e-01	0.000000e+00	6.257755e-05	-8.872869e-05
3.572343e-08	0.000000e+00	9.000000e-01	0.000000e+00	3.436894e-05	8.382016e-05
3.622270e-08	0.000000e+00	9.000000e-01	0.000000e+00	6.351940e-06	-7.907280e-05
3.722124e-08	0.000000e+00	9.000000e-01	0.000000e+00	1.648549e-05	7.896834e-05
3.921832e-08	0.000000e+00	9.000000e-01	0.000000e+00	-5.901066e-06	-7.681545e-05
4.121832e-08	0.000000e+00	9.000000e-01	0.000000e+00	1.370086e-05	7.747845e-05
4.321832e-08	0.000000e+00	9.000000e-01	0.000000e+00	-8.114329e-06	-7.535256e-05
4.500000e-08	0.000000e+00	9.000000e-01	2.977850e-14	1.452244e-05	7.595016e-05
4.501000e-08	0.000000e+00	9.000000e-01	9.000000e-02	3.883305e-04	5.562357e-05
4.503000e-08	0.000000e+00	9.000000e-01	2.700000e-01	3.369495e-04	-5.580384e-05
4.507000e-08	0.000000e+00	9.000000e-01	6.300000e-01	-2.087768e-03	-5.992080e-04
4.510000e-08	0.000000e+00	9.000000e-01	9.000000e-01	-1.866194e-03	5.400658e-04
4.510623e-08	0.000000e+00	9.000000e-01	9.000000e-01	-1.553186e-03	6.916495e-04
4.511868e-08	0.000000e+00	9.000000e-01	9.000000e-01	-8.706116e-04	4.288141e-04
4.514358e-08	0.000000e+00	9.000000e-01	9.000000e-01	1.622379e-04	-1.484502e-04
4.519338e-08	0.000000e+00	9.000000e-01	9.000000e-01	3.516629e-04	8.922976e-05
4.528238e-08	0.000000e+00	9.000000e-01	9.000000e-01	7.517385e-05	-6.433553e-05
4.540084e-08	0.000000e+00	9.000000e-01	9.000000e-01	-1.260451e-05	5.194981e-05
4.556947e-08	0.000000e+00	9.000000e-01	9.000000e-01	6.943291e-05	-4.236666e-05
4.590674e-08	0.000000e+00	9.000000e-01	9.000000e-01	-2.096495e-05	4.010231e-05
4.658127e-08	0.000000e+00	9.000000e-01	9.000000e-01	4.625397e-05	-3.697875e-05
4.793034e-08	0.000000e+00	9.000000e-01	9.000000e-01	-3.021416e-05	3.751426e-05
4.993034e-08	0.000000e+00	9.000000e-01	9.000000e-01	3.754953e-05	-3.556988e-05
5.193034e-08	0.000000e+00	9.000000e-01	9.000000e-01	-3.176841e-05	3.639666e-05
5.393034e-08	0.000000e+00	9.000000e-01	9.000000e-01	3.488347e-05	-3.446635e-05
5.510000e-08	0.000000e+00	9.000000e-01	9.000000e-01	-3.038510e-05	3.492508e-05
5.511000e-08	0.000000e+00	9.000000e-01	8.100000e-01	-3.578773e-04	-7.393462e-06
5.513000e-08	0.000000e+00	9.000000e-01	6.300000e-01	-4.321171e-04	2.702723e-05
5.517000e-08	0.000000e+00	9.000000e-01	2.700000e-01	2.686321e-03	6.385291e-04
5.520000e-08	0.000000e+00	9.000000e-01	0.000000e+00	2.364511e-03	-4.016510e-04
5.520574e-08	0.000000e+00	9.000000e-01	0.000000e+00	1.288749e-03	-6.643651e-04
5.521722e-08	0.000000e+00	9.000000e-01	0.000000e+00	-1.430426e-03	-6.514785e-04
5.524018e-08	0.000000e+00	9.000000e-01	0.000000e+00	-2.117932e-03	9.577197e-05
5.528611e-08	0.000000e+00	9.000000e-01	0.000000e+00	1.659882e-04	-4.221785e-05
5.534846e-08	0.000000e+00	9.000000e-01	0.000000e+00	-3.346555e-05	2.416944e-05
5.547317e-08	0.000000e+00	9.000000e-01	0.000000e+00	5.598564e-05	-1.624259e-05
5.572258e-08	0.000000e+00	9.000000e-01	0.000000e+00	-3.659175e-05	1.544845e-05
5.622141e-08	0.000000e+00	9.000000e-01	0.000000e+00	5.622764e-05	-1.295219e-05
5.721906e-08	0.000000e+00	9.000000e-01	0.000000e+00	-3.646595e-05	1.386445e-05
5.921436e-08	0.000000e+00	9.000000e-01	0.000000e+00	4.520408e-05	-1.224921e-05
6.121436e-08	0.000000e+00	9.000000e-01	0.000000e+00	-3.687927e-05	1.338828e-05
6.321436e-08	0.000000e+00	9.000000e-01	0.000000e+00	4.179875e-05	-1.180800e-05
6.500000e-08	0.000000e+00	9.000000e-01	0.000000e+00	-3.462363e-05	1.290023e-05
6.501000e-08	0.000000e+00	9.000000e-01	9.000000e-02	3.727087e-04	3.920998e-05
6.503000e-08	0.000000e+00	9.000000e-01	2.700000e-01	3.391170e-04	-4.974637e-05
6.507000e-08	0.000000e+00	9.000000e-01	6.300000e-01	-2.092405e-03	-6.039341e-04
6.510000e-08	0.000000e+00	9.000000e-01	9.000000e-01	-1.862572e-03	5.433829e-04
6.510623e-08	0.000000e+00	9.000000e-01	9.000000e-01	-1.551898e-03	6.926377e-04
6.511868e-08	0.000000e+00	9.000000e-01	9.000000e-01	-8.712278e-04	4.283722e-04
6.514358e-08	0.000000e+00	9.000000e-01	9.000000e-01	1.625551e-04	-1.482080e-04
6.519339e-08	0.000000e+00	9.000000e-01	9.000000e-01	3.515450e-04	8.903494e-05
6.528239e-08	0.000000e+00	9.000000e-01	9.000000e-01	7.517626e-05	-6.416080e-05
6.540085e-08	0.000000e+00	9.000000e-01	9.000000e-01	-1.262989e-05	5.178784e-05
6.556950e-08	0.000000e+00	9.000000e-01	9.000000e-01	6.945610e-05	-4.221382e-05
6.590681e-08	0.000000e+00	9.000000e-01	9.000000e-01	-2.099498e-05	3.995369e-05
6.658142e-08	0.000000e+00	9.000000e-01	9.000000e-01	4.628107e-05	-3.683226e-05
6.793063e-08	0.000000e+00	9.000000e-01	9.000000e-01	-3.024319e-05	3.736873e-05
6.993063e-08	0.000000e+00	9.000000e-01	9.000000e-01	3.757765e-05	-3.542503e-05
7.193063e-08	0.000000e+00	9.000000e-01	9.000000e-01	-3.179651e-05	3.625237e-05
7.393063e-08	0.000000e+00	9.000000e-01	9.000000e-01	3.491135e-05	-3.432274e-05
7.510000e-08	0.000000e+00	9.000000e-01	9.000000e-01	-3.041226e-05	3.478223e-05
7.511000e-08	0.000000e+00	9.000000e-01	8.100000e-01	-3.578817e-04	-7.420393e-06
7.513000e-08	0.000000e+00	9.000000e-01	6.300000e-01	-4.321127e-04	2.704386e-05
7.517000e-08	0.000000e+00	9.000000e-01	2.700000e-01	2.686321e-03	6.385168e-04
7.520000e-08	0.000000e+00	9.000000e-01	1.258993e-13	2.364510e-03	-4.016424e-04
7.520574e-08	0.000000e+00	9.000000e-01	0.000000e+00	1.288754e-03	-6.643627e-04
7.521722e-08	0.000000e+00	9.000000e-01	0.000000e+00	-1.430416e-03	-6.514816e-04
7.524018e-08	0.000000e+00	9.000000e-01	0.000000e+00	-2.117940e-03	9.577048e-05
7.528611e-08	0.000000e+00	9.000000e-01	0.000000e+00	1.659806e-04	-4.221691e-05
7.534846e-08	0.000000e+00	9.000000e-01	0.000000e+00	-3.346204e-05	2.416886e-05
7.547317e-08	0.000000e+00	9.000000e-01	0.000000e+00	5.598362e-05	-1.624214e-05
7.572258e-08	0.000000e+00	9.000000e-01	0.000000e+00	-3.658891e-05	1.544806e-05
7.622140e-08	0.000000e+00	9.000000e-01	0.000000e+00	5.622526e-05	-1.295183e-05
7.721905e-08	0.000000e+00	9.000000e-01	0.000000e+00	-3.646359e-05	1.386411e-05
7.921435e-08	0.000000e+00	9.000000e-01	0.000000e+00	4.520182e-05	-1.224888e-05
8.121435e-08	0.000000e+00	9.000000e-01	0.000000e+00	-3.687705e-05	1.338795e-05
8.321435e-08	0.000000e+00	9.000000e-01	0.000000e+00	4.179659e-05	-1.180768e-05
8.500000e-08	0.000000e+00	9.000000e-01	0.000000e+00	-3.462154e-05	1.289992e-05
8.501000e-08	0.000000e+00	9.000000e-01	9.000000e-02	3.727099e-04	3.920980e-05
8.503000e-08	0.000000e+00	9.000000e-01	2.700000e-01	3.391171e-04	-4.974637e-05
8.507000e-08	0.000000e+00	9.000000e-01	6.300000e-01	-2.092405e-03	-6.039340e-04
8.510000e-08	0.000000e+00	9.000000e-01	9.000000e-01	-1.862572e-03	5.433829e-04
8.510623e-08	0.000000e+00	9.000000e-01	9.000000e-01	-1.551898e-03	6.926377e-04
8.511868e-08	0.000000e+00	9.000000e-01	9.000000e-01	-8.712278e-04	4.283722e-04
8.514358e-08	0.000000e+00	9.000000e-01	9.000000e-01	1.625551e-04	-1.482080e-04
8.519339e-08	0.000000e+00	9.000000e-01	9.000000e-01	3.515450e-04	8.903494e-05
8.528239e-08	0.000000e+00	9.000000e-01	9.000000e-01	7.517626e-05	-6.416080e-05
8.540085e-08	0.000000e+00	9.000000e-01	9.000000e-01	-1.262989e-05	5.178784e-05
8.556950e-08	0.000000e+00	9.000000e-01	9.000000e-01	6.945610e-05	-4.221382e-05
8.590681e-08	0.000000e+00	9.000000e-01	9.000000e-01	-2.099498e-05	3.995369e-05
8.658142e-08	0.000000e+00	9.000000e-01	9.000000e-01	4.628107e-05	-3.683226e-05
8.793063e-08	0.000000e+00	9.000000e-01	9.000000e-01	-3.024319e-05	3.736873e-05
8.993063e-08	0.000000e+00	9.000000e-01	9.000000e-01	3.757765e-05	-3.542503e-05
9.193063e-08	0.000000e+00	9.000000e-01	9.000000e-01	-3.179650e-05	3.625237e-05
9.393063e-08	0.000000e+00	9.000000e-01	9.000000e-01	3.491135e-05	-3.432274e-05
9.510000e-08	0.000000e+00	9.000000e-01	9.000000e-01	-3.041225e-05	3.478223e-05
9.511000e-08	0.000000e+00	9.000000e-01	8.100000e-01	-3.578817e-04	-7.420394e-06
9.513000e-08	0.000000e+00	9.000000e-01	6.300000e-01	-4.321127e-04	2.704386e-05
9.517000e-08	0.000000e+00	9.000000e-01	2.700000e-01	2.686321e-03	6.385168e-04
9.520000e-08	0.000000e+00	9.000000e-01	1.258993e-13	2.364510e-03	-4.016424e-04
9.520574e-08	0.000000e+00	9.000000e-01	0.000000e+00	1.288754e-03	-6.643627e-04
9.521722e-08	0.000000e+00	9.000000e-01	0.000000e+00	-1.430416e-03	-6.514816e-04
9.524018e-08	0.000000e+00	9.000000e-01	0.000000e+00	-2.117940e-03	9.577048e-05
9.528611e-08	0.000000e+00	9.000000e-01	0.000000e+00	1.659806e-04	-4.221691e-05
9.534846e-08	0.000000e+00	9.000000e-01	0.000000e+00	-3.346204e-05	2.416886e-05
9.547317e-08	0.000000e+00	9.000000e-01	0.000000e+00	5.598362e-05	-1.624214e-05
9.572258e-08	0.000000e+00	9.000000e-01	0.000000e+00	-3.658891e-05	1.544806e-05
9.622140e-08	0.000000e+00	9.000000e-01	0.000000e+00	5.622526e-05	-1.295183e-05
9.721905e-08	0.000000e+00	9.000000e-01	0.000000e+00	-3.646359e-05	1.386411e-05
9.921435e-08	0.000000e+00	9.000000e-01	0.000000e+00	4.520182e-05	-1.224888e-05
1.000000e-07	0.000000e+00	9.000000e-01	0.000000e+00	-3.460738e-05	1.303830e-05
