time (time)	v(in) (voltage)	v(sel) (voltage)	v(rw) (voltage)	v(yyyy_latch) (voltage)	v(yyyy_cell) (voltage)
0.000000e+00	0.000000e+00	0.000000e+00	0.000000e+00	8.999875e-01	5.733371e-07
1.000000e-12	9.000000e-03	9.000000e-03	0.000000e+00	9.002864e-01	3.672727e-04
2.000000e-12	1.800000e-02	1.800000e-02	0.000000e+00	9.005312e-01	6.263506e-04
4.000000e-12	3.600000e-02	3.600000e-02	0.000000e+00	9.009216e-01	9.959001e-04
8.000000e-12	7.200000e-02	7.200000e-02	0.000000e+00	9.013157e-01	1.197504e-03
1.600000e-11	1.440000e-01	1.440000e-01	0.000000e+00	9.013486e-01	9.362281e-04
3.200000e-11	2.880000e-01	2.880000e-01	0.000000e+00	9.005914e-01	5.907693e-04
6.400000e-11	5.760000e-01	5.760000e-01	0.000000e+00	8.923112e-01	1.261935e-03
1.000000e-10	9.000000e-01	9.000000e-01	0.000000e+00	8.870529e-01	-8.205295e-03
1.064000e-10	9.000000e-01	9.000000e-01	0.000000e+00	8.877063e-01	-1.221596e-02
1.192000e-10	9.000000e-01	9.000000e-01	0.000000e+00	8.895931e-01	-1.707522e-02
1.448000e-10	9.000000e-01	9.000000e-01	0.000000e+00	8.926980e-01	1.653562e-02
1.960000e-10	9.000000e-01	9.000000e-01	0.000000e+00	8.952618e-01	7.031675e-01
2.780018e-10	9.000000e-01	9.000000e-01	0.000000e+00	8.969217e-01	9.385329e-01
3.625135e-10	9.000000e-01	9.000000e-01	0.000000e+00	8.999528e-01	8.689115e-01
5.315369e-10	9.000000e-01	9.000000e-01	0.000000e+00	9.000913e-01	9.263484e-01
7.027323e-10	9.000000e-01	9.000000e-01	0.000000e+00	8.998101e-01	8.760240e-01
1.045123e-09	9.000000e-01	9.000000e-01	0.000000e+00	9.001989e-01	9.219479e-01
1.663048e-09	9.000000e-01	9.000000e-01	0.000000e+00	8.997638e-01	8.782515e-01
2.602694e-09	9.000000e-01	9.000000e-01	0.000000e+00	9.002202e-01	9.207818e-01
4.481987e-09	9.000000e-01	9.000000e-01	0.000000e+00	8.997518e-01	8.789817e-01
6.481987e-09	9.000000e-01	9.000000e-01	0.000000e+00	9.002266e-01	9.203216e-01
8.481987e-09	9.000000e-01	9.000000e-01	0.000000e+00	8.997458e-01	8.794250e-01
1.010000e-08	9.000000e-01	9.000000e-01	0.000000e+00	9.002325e-01	9.198484e-01
1.011000e-08	8.100000e-01	9.000000e-01	0.000000e+00	8.998142e-01	9.061820e-01
1.013000e-08	6.300000e-01	9.000000e-01	0.000000e+00	8.996057e-01	8.978627e-01
1.017000e-08	2.700000e-01	9.000000e-01	0.000000e+00	8.999940e-01	9.012164e-01
1.020000e-08	0.000000e+00	9.000000e-01	0.000000e+00	9.001005e-01	8.993564e-01
1.020800e-08	0.000000e+00	9.000000e-01	0.000000e+00	9.002907e-01	8.997238e-01
1.022400e-08	0.000000e+00	9.000000e-01	0.000000e+00	9.002945e-01	9.000171e-01
1.025600e-08	0.000000e+00	9.000000e-01	0.000000e+00	8.999652e-01	8.999492e-01
1.032000e-08	0.000000e+00	9.000000e-01	0.000000e+00	8.999957e-01	9.000032e-01
1.044800e-08	0.000000e+00	9.000000e-01	0.000000e+00	8.999870e-01	8.999653e-01
1.070400e-08	0.000000e+00	9.000000e-01	0.000000e+00	8.999944e-01	8.999923e-01
1.121600e-08	0.000000e+00	9.000000e-01	0.000000e+00	8.999822e-01	8.999694e-01
1.224000e-08	0.000000e+00	9.000000e-01	0.000000e+00	8.999921e-01	8.999902e-01
1.424000e-08	0.000000e+00	9.000000e-01	0.000000e+00	8.999819e-01	8.999703e-01
1.624000e-08	0.000000e+00	9.000000e-01	0.000000e+00	8.999910e-01	8.999897e-01
1.824000e-08	0.000000e+00	9.000000e-01	0.000000e+00	8.999842e-01	8.999707e-01
2.024000e-08	0.000000e+00	9.000000e-01	0.000000e+00	8.999907e-01	8.999893e-01
2.224000e-08	0.000000e+00	9.000000e-01	0.000000e+00	8.999843e-01	8.999710e-01
2.424000e-08	0.000000e+00	9.000000e-01	0.000000e+00	8.999903e-01	8.999890e-01
2.500000e-08	0.000000e+00	9.000000e-01	0.000000e+00	8.999843e-01	8.999717e-01
2.501000e-08	0.000000e+00	9.000000e-01	9.000000e-02	9.004122e-01	9.001551e-01
2.503000e-08	0.000000e+00	9.000000e-01	2.700000e-01	9.003930e-01	8.999824e-01
2.507000e-08	0.000000e+00	9.000000e-01	6.300000e-01	8.983588e-01	8.979240e-01
2.510000e-08	0.000000e+00	9.000000e-01	9.000000e-01	9.040363e-01	9.210695e-01
2.510800e-08	0.000000e+00	9.000000e-01	9.000000e-01	9.073940e-01	9.301062e-01
2.512400e-08	0.000000e+00	9.000000e-01	9.000000e-01	9.118927e-01	8.364569e-01
2.515600e-08	0.000000e+00	9.000000e-01	9.000000e-01	9.153144e-01	1.047024e-01
2.520468e-08	0.000000e+00	9.000000e-01	9.000000e-01	9.556288e-01	-4.865255e-02
2.525533e-08	0.000000e+00	9.000000e-01	9.000000e-01	7.628288e-01	3.595939e-02
2.533756e-08	0.000000e+00	9.000000e-01	9.000000e-01	1.902705e-01	-2.771227e-02
2.545170e-08	0.000000e+00	9.000000e-01	9.000000e-01	-2.980073e-02	2.456884e-02
2.556089e-08	0.000000e+00	9.000000e-01	9.000000e-01	9.461708e-03	-2.051928e-02
2.577927e-08	0.000000e+00	9.000000e-01	9.000000e-01	-5.731259e-03	1.942085e-02
2.600161e-08	0.000000e+00	9.000000e-01	9.000000e-01	3.861151e-03	-1.763662e-02
2.644629e-08	0.000000e+00	9.000000e-01	9.000000e-01	-3.111738e-03	1.730902e-02
2.731428e-08	0.000000e+00	9.000000e-01	9.000000e-01	2.907294e-03	-1.666756e-02
2.861693e-08	0.000000e+00	9.000000e-01	9.000000e-01	-2.696116e-03	1.675794e-02
3.061693e-08	0.000000e+00	9.000000e-01	9.000000e-01	2.634412e-03	-1.632031e-02
3.261693e-08	0.000000e+00	9.000000e-01	9.000000e-01	-2.505166e-03	1.647737e-02
3.461693e-08	0.000000e+00	9.000000e-01	9.000000e-01	2.449927e-03	-1.605113e-02
3.510000e-08	0.000000e+00	9.000000e-01	9.000000e-01	-2.102244e-03	1.577747e-02
3.511000e-08	0.000000e+00	9.000000e-01	8.100000e-01	-1.550317e-03	4.674745e-03
3.513000e-08	0.000000e+00	9.000000e-01	6.300000e-01	-9.806196e-04	-1.893615e-03
3.517000e-08	0.000000e+00	9.000000e-01	2.700000e-01	2.525087e-03	2.075469e-03
3.520000e-08	0.000000e+00	9.000000e-01	0.000000e+00	5.025154e-03	-9.874209e-04
3.520693e-08	0.000000e+00	9.000000e-01	0.000000e+00	3.150525e-03	-1.457332e-03
3.522080e-08	0.000000e+00	9.000000e-01	0.000000e+00	-9.941915e-06	-1.329542e-03
3.524853e-08	0.000000e+00	9.000000e-01	0.000000e+00	-2.023705e-03	5.111685e-04
3.530399e-08	0.000000e+00	9.000000e-01	0.000000e+00	2.076084e-04	-2.541918e-05
3.536938e-08	0.000000e+00	9.000000e-01	0.000000e+00	2.147158e-04	6.356610e-06
3.550015e-08	0.000000e+00	9.000000e-01	0.000000e+00	1.170198e-04	6.001697e-06
3.576170e-08	0.000000e+00	9.000000e-01	0.000000e+00	1.623445e-05	-4.168397e-06
3.628479e-08	0.000000e+00	9.000000e-01	0.000000e+00	5.853806e-05	5.956919e-06
3.733098e-08	0.000000e+00	9.000000e-01	0.000000e+00	-2.660481e-05	-4.826600e-06
3.933098e-08	0.000000e+00	9.000000e-01	0.000000e+00	4.487493e-05	6.022728e-06
4.133098e-08	0.000000e+00	9.000000e-01	0.000000e+00	-3.563977e-05	-4.902180e-06
4.333098e-08	0.000000e+00	9.000000e-01	0.000000e+00	4.434401e-05	6.073042e-06
4.500000e-08	0.000000e+00	9.000000e-01	2.977850e-14	-3.873527e-05	-4.941150e-06
4.501000e-08	0.000000e+00	9.000000e-01	9.000000e-02	6.080735e-04	7.244328e-05
4.503000e-08	0.000000e+00	9.000000e-01	2.700000e-01	8.155654e-04	-3.156720e-05
4.507000e-08	0.000000e+00	9.000000e-01	6.300000e-01	-1.863251e-03	-9.083152e-04
4.510000e-08	0.000000e+00	9.000000e-01	9.000000e-01	-3.258235e-03	-2.052581e-04
4.510795e-08	0.000000e+00	9.000000e-01	9.000000e-01	-2.930656e-03	6.393518e-04
4.512385e-08	0.000000e+00	9.000000e-01	9.000000e-01	-1.946241e-03	1.171634e-03
4.515564e-08	0.000000e+00	9.000000e-01	9.000000e-01	-4.566713e-04	-7.548113e-05
4.521923e-08	0.000000e+00	9.000000e-01	9.000000e-01	4.656758e-04	-3.119855e-05
4.529309e-08	0.000000e+00	9.000000e-01	9.000000e-01	3.013777e-04	6.910638e-05
4.544081e-08	0.000000e+00	9.000000e-01	9.000000e-01	-3.380791e-05	-7.622124e-05
4.563010e-08	0.000000e+00	9.000000e-01	9.000000e-01	5.340642e-05	8.020861e-05
4.597468e-08	0.000000e+00	9.000000e-01	9.000000e-01	-3.191670e-06	-7.984739e-05
4.666383e-08	0.000000e+00	9.000000e-01	9.000000e-01	3.216973e-05	8.113839e-05
4.804214e-08	0.000000e+00	9.000000e-01	9.000000e-01	-1.278912e-05	-8.008215e-05
5.004214e-08	0.000000e+00	9.000000e-01	9.000000e-01	2.431735e-05	8.120713e-05
5.204214e-08	0.000000e+00	9.000000e-01	9.000000e-01	-1.472507e-05	-8.009962e-05
5.404214e-08	0.000000e+00	9.000000e-01	9.000000e-01	2.035681e-05	8.120246e-05
5.510000e-08	0.000000e+00	9.000000e-01	9.000000e-01	-1.435454e-05	-8.003839e-05
5.511000e-08	0.000000e+00	9.000000e-01	8.100000e-01	-4.943901e-04	-6.951950e-05
5.513000e-08	0.000000e+00	9.000000e-01	6.300000e-01	-8.225383e-04	4.266163e-05
5.517000e-08	0.000000e+00	9.000000e-01	2.700000e-01	2.479811e-03	8.286264e-04
5.520000e-08	0.000000e+00	9.000000e-01	0.000000e+00	5.527380e-03	8.387384e-04
5.520694e-08	0.000000e+00	9.000000e-01	0.000000e+00	4.857457e-03	-3.245024e-04
5.522082e-08	0.000000e+00	9.000000e-01	0.000000e+00	1.586618e-03	-1.653914e-03
5.524857e-08	0.000000e+00	9.000000e-01	0.000000e+00	-3.111901e-03	-1.501844e-04
5.530408e-08	0.000000e+00	9.000000e-01	0.000000e+00	-7.653174e-04	1.104224e-04
5.536878e-08	0.000000e+00	9.000000e-01	0.000000e+00	1.210659e-04	-7.715224e-05
5.549817e-08	0.000000e+00	9.000000e-01	0.000000e+00	-7.292968e-05	6.388537e-05
5.575696e-08	0.000000e+00	9.000000e-01	0.000000e+00	7.417579e-05	-5.613780e-05
5.627454e-08	0.000000e+00	9.000000e-01	0.000000e+00	-5.050749e-05	5.433957e-05
5.730970e-08	0.000000e+00	9.000000e-01	0.000000e+00	6.105820e-05	-5.171175e-05
5.930970e-08	0.000000e+00	9.000000e-01	0.000000e+00	-4.903922e-05	5.214788e-05
6.130970e-08	0.000000e+00	9.000000e-01	0.000000e+00	5.536263e-05	-5.025716e-05
6.330970e-08	0.000000e+00	9.000000e-01	0.000000e+00	-4.718974e-05	5.070492e-05
6.500000e-08	0.000000e+00	9.000000e-01	0.000000e+00	5.141715e-05	-4.870699e-05
6.501000e-08	0.000000e+00	9.000000e-01	9.000000e-02	6.301112e-04	5.546072e-05
6.503000e-08	0.000000e+00	9.000000e-01	2.700000e-01	8.053336e-04	-3.364075e-05
6.507000e-08	0.000000e+00	9.000000e-01	6.300000e-01	-1.855819e-03	-9.083206e-04
6.510000e-08	0.000000e+00	9.000000e-01	9.000000e-01	-3.262839e-03	-2.049832e-04
6.510795e-08	0.000000e+00	9.000000e-01	9.000000e-01	-2.931645e-03	6.395860e-04
6.512385e-08	0.000000e+00	9.000000e-01	9.000000e-01	-1.944774e-03	1.171416e-03
6.515566e-08	0.000000e+00	9.000000e-01	9.000000e-01	-4.548126e-04	-7.589082e-05
6.521926e-08	0.000000e+00	9.000000e-01	9.000000e-01	4.635930e-04	-3.091596e-05
6.529314e-08	0.000000e+00	9.000000e-01	9.000000e-01	3.016416e-04	6.892920e-05
6.544089e-08	0.000000e+00	9.000000e-01	9.000000e-01	-3.407093e-05	-7.608598e-05
6.563019e-08	0.000000e+00	9.000000e-01	9.000000e-01	5.367759e-05	8.010144e-05
6.597488e-08	0.000000e+00	9.000000e-01	9.000000e-01	-3.407902e-06	-7.975359e-05
6.666426e-08	0.000000e+00	9.000000e-01	9.000000e-01	3.237419e-05	8.105080e-05
6.804301e-08	0.000000e+00	9.000000e-01	9.000000e-01	-1.302108e-05	-7.999770e-05
7.004301e-08	0.000000e+00	9.000000e-01	9.000000e-01	2.452050e-05	8.112469e-05
7.204301e-08	0.000000e+00	9.000000e-01	9.000000e-01	-1.494416e-05	-8.001928e-05
7.404301e-08	0.000000e+00	9.000000e-01	9.000000e-01	2.054833e-05	8.112407e-05
7.510000e-08	0.000000e+00	9.000000e-01	9.000000e-01	-1.456266e-05	-7.996370e-05
7.511000e-08	0.000000e+00	9.000000e-01	8.100000e-01	-4.944263e-04	-6.947143e-05
7.513000e-08	0.000000e+00	9.000000e-01	6.300000e-01	-8.225182e-04	4.266267e-05
7.517000e-08	0.000000e+00	9.000000e-01	2.700000e-01	2.479771e-03	8.286272e-04
7.520000e-08	0.000000e+00	9.000000e-01	1.258993e-13	5.527208e-03	8.387420e-04
7.520694e-08	0.000000e+00	9.000000e-01	0.000000e+00	4.857182e-03	-3.244832e-04
7.522082e-08	0.000000e+00	9.000000e-01	0.000000e+00	1.586009e-03	-1.653838e-03
7.524857e-08	0.000000e+00	9.000000e-01	0.000000e+00	-3.112148e-03	-1.501152e-04
7.530408e-08	0.000000e+00	9.000000e-01	0.000000e+00	-7.657515e-04	1.104634e-04
7.536878e-08	0.000000e+00	9.000000e-01	0.000000e+00	1.205050e-04	-7.722304e-05
7.549817e-08	0.000000e+00	9.000000e-01	0.000000e+00	-7.340790e-05	6.395142e-05
7.575696e-08	0.000000e+00	9.000000e-01	0.000000e+00	7.377006e-05	-5.620573e-05
7.627454e-08	0.000000e+00	9.000000e-01	0.000000e+00	-5.079168e-05	5.440357e-05
7.730970e-08	0.000000e+00	9.000000e-01	0.000000e+00	6.089665e-05	-5.177641e-05
7.930970e-08	0.000000e+00	9.000000e-01	0.000000e+00	-4.911303e-05	5.221170e-05
8.130970e-08	0.000000e+00	9.000000e-01	0.000000e+00	5.532929e-05	-5.032074e-05
8.330970e-08	0.000000e+00	9.000000e-01	0.000000e+00	-4.721997e-05	5.076806e-05
8.500000e-08	0.000000e+00	9.000000e-01	0.000000e+00	5.140869e-05	-4.876971e-05
8.501000e-08	0.000000e+00	9.000000e-01	9.000000e-02	6.300979e-04	5.544653e-05
8.503000e-08	0.000000e+00	9.000000e-01	2.700000e-01	8.053158e-04	-3.363175e-05
8.507000e-08	0.000000e+00	9.000000e-01	6.300000e-01	-1.855805e-03	-9.083314e-04
8.510000e-08	0.000000e+00	9.000000e-01	9.000000e-01	-3.262828e-03	-2.049746e-04
8.510795e-08	0.000000e+00	9.000000e-01	9.000000e-01	-2.931635e-03	6.395885e-04
8.512385e-08	0.000000e+00	9.000000e-01	9.000000e-01	-1.944770e-03	1.171414e-03
8.515566e-08	0.000000e+00	9.000000e-01	9.000000e-01	-4.548142e-04	-7.588929e-05
8.521926e-08	0.000000e+00	9.000000e-01	9.000000e-01	4.635914e-04	-3.091691e-05
8.529314e-08	0.000000e+00	9.000000e-01	9.000000e-01	3.016412e-04	6.892973e-05
8.544089e-08	0.000000e+00	9.000000e-01	9.000000e-01	-3.407169e-05	-7.608636e-05
8.563019e-08	0.000000e+00	9.000000e-01	9.000000e-01	5.367671e-05	8.010174e-05
8.597488e-08	0.000000e+00	9.000000e-01	9.000000e-01	-3.408676e-06	-7.975385e-05
8.666425e-08	0.000000e+00	9.000000e-01	9.000000e-01	3.237334e-05	8.105105e-05
8.804301e-08	0.000000e+00	9.000000e-01	9.000000e-01	-1.302178e-05	-7.999793e-05
9.004301e-08	0.000000e+00	9.000000e-01	9.000000e-01	2.451965e-05	8.112492e-05
9.204301e-08	0.000000e+00	9.000000e-01	9.000000e-01	-1.494484e-05	-8.001950e-05
9.404301e-08	0.000000e+00	9.000000e-01	9.000000e-01	2.054757e-05	8.112429e-05
9.510000e-08	0.000000e+00	9.000000e-01	9.000000e-01	-1.456331e-05	-7.996390e-05
9.511000e-08	0.000000e+00	9.000000e-01	8.100000e-01	-4.944270e-04	-6.947158e-05
9.513000e-08	0.000000e+00	9.000000e-01	6.300000e-01	-8.225188e-04	4.266267e-05
9.517000e-08	0.000000e+00	9.000000e-01	2.700000e-01	2.479769e-03	8.286275e-04
9.520000e-08	0.000000e+00	9.000000e-01	1.258993e-13	5.527195e-03	8.387420e-04
9.520694e-08	0.000000e+00	9.000000e-01	0.000000e+00	4.857162e-03	-3.244823e-04
9.522082e-08	0.000000e+00	9.000000e-01	0.000000e+00	1.585971e-03	-1.653834e-03
9.524857e-08	0.000000e+00	9.000000e-01	0.000000e+00	-3.112163e-03	-1.501114e-04
9.530408e-08	0.000000e+00	9.000000e-01	0.000000e+00	-7.657757e-04	1.104657e-04
9.536878e-08	0.000000e+00	9.000000e-01	0.000000e+00	1.204736e-04	-7.722700e-05
9.549817e-08	0.000000e+00	9.000000e-01	0.000000e+00	-7.343463e-05	6.395512e-05
9.575696e-08	0.000000e+00	9.000000e-01	0.000000e+00	7.374720e-05	-5.620954e-05
9.627454e-08	0.000000e+00	9.000000e-01	0.000000e+00	-5.080775e-05	5.440716e-05
9.730970e-08	0.000000e+00	9.000000e-01	0.000000e+00	6.088736e-05	-5.178004e-05
9.930970e-08	0.000000e+00	9.000000e-01	0.000000e+00	-4.911726e-05	5.221528e-05
1.000000e-07	0.000000e+00	9.000000e-01	0.000000e+00	5.298242e-05	-4.897244e-05
