time (time)	v(in) (voltage)	v(sel) (voltage)	v(rw) (voltage)	v(yyyy_latch) (voltage)	v(yyyy_cell) (voltage)
0.000000e+00	0.000000e+00	0.000000e+00	0.000000e+00	8.999769e-01	7.492686e-07
1.000000e-12	9.000000e-03	9.000000e-03	0.000000e+00	9.002275e-01	2.718708e-04
2.000000e-12	1.800000e-02	1.800000e-02	0.000000e+00	9.003891e-01	4.103856e-04
4.000000e-12	3.600000e-02	3.600000e-02	0.000000e+00	9.005926e-01	5.326269e-04
8.000000e-12	7.200000e-02	7.200000e-02	0.000000e+00	9.006042e-01	3.917036e-04
1.600000e-11	1.440000e-01	1.440000e-01	0.000000e+00	9.003390e-01	1.487685e-04
3.200000e-11	2.880000e-01	2.880000e-01	0.000000e+00	8.991622e-01	1.340094e-04
6.400000e-11	5.760000e-01	5.760000e-01	0.000000e+00	8.909510e-01	-2.205364e-03
1.000000e-10	9.000000e-01	9.000000e-01	0.000000e+00	8.922733e-01	3.621613e-02
1.064000e-10	9.000000e-01	9.000000e-01	0.000000e+00	8.929193e-01	1.476750e-01
1.192000e-10	9.000000e-01	9.000000e-01	0.000000e+00	8.944841e-01	5.856540e-01
1.448000e-10	9.000000e-01	9.000000e-01	0.000000e+00	8.958599e-01	9.092557e-01
1.810515e-10	9.000000e-01	9.000000e-01	0.000000e+00	8.986755e-01	8.886929e-01
2.457476e-10	9.000000e-01	9.000000e-01	0.000000e+00	9.005695e-01	9.089665e-01
3.172035e-10	9.000000e-01	9.000000e-01	0.000000e+00	8.996069e-01	8.921826e-01
4.601153e-10	9.000000e-01	9.000000e-01	0.000000e+00	9.002887e-01	9.071081e-01
7.459389e-10	9.000000e-01	9.000000e-01	0.000000e+00	8.996880e-01	8.930259e-01
1.317586e-09	9.000000e-01	9.000000e-01	0.000000e+00	9.002555e-01	9.067244e-01
2.460881e-09	9.000000e-01	9.000000e-01	0.000000e+00	8.997032e-01	8.932185e-01
4.460881e-09	9.000000e-01	9.000000e-01	0.000000e+00	9.002478e-01	9.066255e-01
6.460881e-09	9.000000e-01	9.000000e-01	0.000000e+00	8.997087e-01	8.932896e-01
8.460881e-09	9.000000e-01	9.000000e-01	0.000000e+00	9.002423e-01	9.065562e-01
1.010000e-08	9.000000e-01	9.000000e-01	0.000000e+00	8.997146e-01	8.933683e-01
1.011000e-08	8.100000e-01	9.000000e-01	0.000000e+00	8.998125e-01	8.984700e-01
1.013000e-08	6.300000e-01	9.000000e-01	0.000000e+00	8.999109e-01	9.008019e-01
1.017000e-08	2.700000e-01	9.000000e-01	0.000000e+00	8.999955e-01	8.993106e-01
1.020000e-08	0.000000e+00	9.000000e-01	0.000000e+00	9.000268e-01	9.004143e-01
1.020800e-08	0.000000e+00	9.000000e-01	0.000000e+00	9.001126e-01	9.000571e-01
1.022400e-08	0.000000e+00	9.000000e-01	0.000000e+00	9.000313e-01	8.999188e-01
1.025600e-08	0.000000e+00	9.000000e-01	0.000000e+00	8.999462e-01	8.999931e-01
1.032000e-08	0.000000e+00	9.000000e-01	0.000000e+00	9.000001e-01	8.999336e-01
1.044800e-08	0.000000e+00	9.000000e-01	0.000000e+00	8.999563e-01	8.999870e-01
1.070400e-08	0.000000e+00	9.000000e-01	0.000000e+00	8.999963e-01	8.999375e-01
1.121600e-08	0.000000e+00	9.000000e-01	0.000000e+00	8.999578e-01	8.999861e-01
1.224000e-08	0.000000e+00	9.000000e-01	0.000000e+00	8.999956e-01	8.999374e-01
1.424000e-08	0.000000e+00	9.000000e-01	0.000000e+00	8.999582e-01	8.999856e-01
1.624000e-08	0.000000e+00	9.000000e-01	0.000000e+00	8.999954e-01	8.999377e-01
1.824000e-08	0.000000e+00	9.000000e-01	0.000000e+00	8.999584e-01	8.999853e-01
2.024000e-08	0.000000e+00	9.000000e-01	0.000000e+00	8.999952e-01	8.999380e-01
2.224000e-08	0.000000e+00	9.000000e-01	0.000000e+00	8.999586e-01	8.999849e-01
2.424000e-08	0.000000e+00	9.000000e-01	0.000000e+00	8.999950e-01	8.999384e-01
2.500000e-08	0.000000e+00	9.000000e-01	0.000000e+00	8.999590e-01	8.999844e-01
2.501000e-08	0.000000e+00	9.000000e-01	9.000000e-02	9.001393e-01	9.000188e-01
2.503000e-08	0.000000e+00	9.000000e-01	2.700000e-01	8.999568e-01	8.998517e-01
2.507000e-08	0.000000e+00	9.000000e-01	6.300000e-01	9.013727e-01	9.054187e-01
2.510000e-08	0.000000e+00	9.000000e-01	9.000000e-01	9.143047e-01	2.897438e-01
2.510535e-08	0.000000e+00	9.000000e-01	9.000000e-01	9.195563e-01	1.034275e-01
2.511605e-08	0.000000e+00	9.000000e-01	9.000000e-01	9.354990e-01	-7.400619e-03
2.513744e-08	0.000000e+00	9.000000e-01	9.000000e-01	9.062542e-01	7.651109e-03
2.516867e-08	0.000000e+00	9.000000e-01	9.000000e-01	4.599157e-01	-6.882042e-03
2.520471e-08	0.000000e+00	9.000000e-01	9.000000e-01	7.203711e-02	5.886457e-03
2.526402e-08	0.000000e+00	9.000000e-01	9.000000e-01	-1.724567e-02	-4.990457e-03
2.534239e-08	0.000000e+00	9.000000e-01	9.000000e-01	6.746560e-03	4.519265e-03
2.542657e-08	0.000000e+00	9.000000e-01	9.000000e-01	-1.912514e-03	-4.074234e-03
2.559494e-08	0.000000e+00	9.000000e-01	9.000000e-01	8.609167e-04	3.905860e-03
2.592396e-08	0.000000e+00	9.000000e-01	9.000000e-01	-2.886792e-04	-3.791454e-03
2.646400e-08	0.000000e+00	9.000000e-01	9.000000e-01	1.627145e-04	3.755136e-03
2.754409e-08	0.000000e+00	9.000000e-01	9.000000e-01	3.785168e-05	-3.707334e-03
2.954409e-08	0.000000e+00	9.000000e-01	9.000000e-01	-3.900015e-06	3.711348e-03
3.154409e-08	0.000000e+00	9.000000e-01	9.000000e-01	1.418750e-04	-3.677485e-03
3.354409e-08	0.000000e+00	9.000000e-01	9.000000e-01	-1.090131e-04	3.680651e-03
3.510000e-08	0.000000e+00	9.000000e-01	9.000000e-01	2.548800e-04	-3.643375e-03
3.511000e-08	0.000000e+00	9.000000e-01	8.100000e-01	-9.350035e-04	-5.967492e-04
3.513000e-08	0.000000e+00	9.000000e-01	6.300000e-01	-6.358285e-04	4.127069e-04
3.517000e-08	0.000000e+00	9.000000e-01	2.700000e-01	2.967955e-03	8.054984e-05
3.520000e-08	0.000000e+00	9.000000e-01	0.000000e+00	-1.180140e-03	-7.728937e-04
3.520507e-08	0.000000e+00	9.000000e-01	0.000000e+00	-1.341125e-03	-3.369992e-04
3.521520e-08	0.000000e+00	9.000000e-01	0.000000e+00	-1.491724e-03	1.286077e-04
3.523547e-08	0.000000e+00	9.000000e-01	0.000000e+00	-2.375312e-04	1.008350e-04
3.527602e-08	0.000000e+00	9.000000e-01	0.000000e+00	3.465502e-04	-3.132789e-05
3.533934e-08	0.000000e+00	9.000000e-01	0.000000e+00	1.943677e-05	2.865840e-05
3.546599e-08	0.000000e+00	9.000000e-01	0.000000e+00	7.463886e-05	-2.117734e-05
3.571930e-08	0.000000e+00	9.000000e-01	0.000000e+00	-6.330988e-06	2.106224e-05
3.622591e-08	0.000000e+00	9.000000e-01	0.000000e+00	2.974227e-05	-1.859449e-05
3.723913e-08	0.000000e+00	9.000000e-01	0.000000e+00	-1.378874e-05	1.967077e-05
3.923913e-08	0.000000e+00	9.000000e-01	0.000000e+00	2.065223e-05	-1.795202e-05
4.123913e-08	0.000000e+00	9.000000e-01	0.000000e+00	-1.346827e-05	1.923933e-05
4.323913e-08	0.000000e+00	9.000000e-01	0.000000e+00	1.858700e-05	-1.752574e-05
4.500000e-08	0.000000e+00	9.000000e-01	2.977850e-14	-1.147249e-05	1.879155e-05
4.501000e-08	0.000000e+00	9.000000e-01	9.000000e-02	2.550191e-04	2.345228e-05
4.503000e-08	0.000000e+00	9.000000e-01	2.700000e-01	1.186988e-04	-4.392772e-05
4.507000e-08	0.000000e+00	9.000000e-01	6.300000e-01	-1.959262e-03	-3.837632e-04
4.510000e-08	0.000000e+00	9.000000e-01	9.000000e-01	-7.932818e-04	6.506740e-04
4.510527e-08	0.000000e+00	9.000000e-01	9.000000e-01	-5.671114e-04	4.267981e-04
4.511580e-08	0.000000e+00	9.000000e-01	9.000000e-01	-1.458582e-04	4.018524e-05
4.513687e-08	0.000000e+00	9.000000e-01	9.000000e-01	2.352097e-04	-3.873144e-05
4.517901e-08	0.000000e+00	9.000000e-01	9.000000e-01	2.861336e-04	3.720975e-05
4.526328e-08	0.000000e+00	9.000000e-01	9.000000e-01	-2.586997e-05	-3.401082e-05
4.535219e-08	0.000000e+00	9.000000e-01	9.000000e-01	6.190550e-05	3.399838e-05
4.553001e-08	0.000000e+00	9.000000e-01	9.000000e-01	1.347530e-05	-3.173391e-05
4.588565e-08	0.000000e+00	9.000000e-01	9.000000e-01	1.906419e-05	3.285246e-05
4.659693e-08	0.000000e+00	9.000000e-01	9.000000e-01	2.277795e-06	-3.116441e-05
4.801950e-08	0.000000e+00	9.000000e-01	9.000000e-01	5.925950e-06	3.256520e-05
5.001950e-08	0.000000e+00	9.000000e-01	9.000000e-01	-7.858103e-07	-3.100054e-05
5.201950e-08	0.000000e+00	9.000000e-01	9.000000e-01	3.114202e-06	3.242822e-05
5.401950e-08	0.000000e+00	9.000000e-01	9.000000e-01	-1.865529e-07	-3.086345e-05
5.510000e-08	0.000000e+00	9.000000e-01	9.000000e-01	1.433413e-06	3.223261e-05
5.511000e-08	0.000000e+00	9.000000e-01	8.100000e-01	-2.343163e-04	-7.521214e-06
5.513000e-08	0.000000e+00	9.000000e-01	6.300000e-01	-2.242775e-04	2.002520e-05
5.517000e-08	0.000000e+00	9.000000e-01	2.700000e-01	2.360962e-03	5.031262e-04
5.520000e-08	0.000000e+00	9.000000e-01	0.000000e+00	2.432287e-04	-8.035425e-04
5.520506e-08	0.000000e+00	9.000000e-01	0.000000e+00	-5.752040e-04	-4.731172e-04
5.521519e-08	0.000000e+00	9.000000e-01	0.000000e+00	-1.750788e-03	-1.333790e-04
5.523545e-08	0.000000e+00	9.000000e-01	0.000000e+00	-9.583830e-04	2.940966e-05
5.527597e-08	0.000000e+00	9.000000e-01	0.000000e+00	3.078138e-04	-8.277784e-06
5.533958e-08	0.000000e+00	9.000000e-01	0.000000e+00	-6.513932e-05	5.178787e-06
5.546682e-08	0.000000e+00	9.000000e-01	0.000000e+00	1.147320e-04	-3.863362e-07
5.572129e-08	0.000000e+00	9.000000e-01	0.000000e+00	-5.476251e-05	1.238959e-06
5.623023e-08	0.000000e+00	9.000000e-01	0.000000e+00	7.508526e-05	7.678343e-07
5.724811e-08	0.000000e+00	9.000000e-01	0.000000e+00	-5.929683e-05	5.393876e-07
5.924811e-08	0.000000e+00	9.000000e-01	0.000000e+00	6.590102e-05	1.062003e-06
6.124811e-08	0.000000e+00	9.000000e-01	0.000000e+00	-5.854398e-05	3.347647e-07
6.324811e-08	0.000000e+00	9.000000e-01	0.000000e+00	6.357619e-05	1.263605e-06
6.500000e-08	0.000000e+00	9.000000e-01	0.000000e+00	-5.616342e-05	1.247263e-07
6.501000e-08	0.000000e+00	9.000000e-01	9.000000e-02	2.478398e-04	1.945542e-05
6.503000e-08	0.000000e+00	9.000000e-01	2.700000e-01	1.234472e-04	-4.221343e-05
6.507000e-08	0.000000e+00	9.000000e-01	6.300000e-01	-1.963781e-03	-3.849996e-04
6.510000e-08	0.000000e+00	9.000000e-01	9.000000e-01	-7.874354e-04	6.514818e-04
6.510527e-08	0.000000e+00	9.000000e-01	9.000000e-01	-5.648728e-04	4.270548e-04
6.511580e-08	0.000000e+00	9.000000e-01	9.000000e-01	-1.470886e-04	4.011554e-05
6.513687e-08	0.000000e+00	9.000000e-01	9.000000e-01	2.350373e-04	-3.867599e-05
6.517902e-08	0.000000e+00	9.000000e-01	9.000000e-01	2.860464e-04	3.715832e-05
6.526330e-08	0.000000e+00	9.000000e-01	9.000000e-01	-2.590675e-05	-3.396264e-05
6.535221e-08	0.000000e+00	9.000000e-01	9.000000e-01	6.188340e-05	3.395293e-05
6.553004e-08	0.000000e+00	9.000000e-01	9.000000e-01	1.347198e-05	-3.168980e-05
6.588569e-08	0.000000e+00	9.000000e-01	9.000000e-01	1.905319e-05	3.280901e-05
6.659699e-08	0.000000e+00	9.000000e-01	9.000000e-01	2.285116e-06	-3.112127e-05
6.801961e-08	0.000000e+00	9.000000e-01	9.000000e-01	5.916951e-06	3.252224e-05
7.001961e-08	0.000000e+00	9.000000e-01	9.000000e-01	-7.770029e-07	-3.095768e-05
7.201961e-08	0.000000e+00	9.000000e-01	9.000000e-01	3.104967e-06	3.238548e-05
7.401961e-08	0.000000e+00	9.000000e-01	9.000000e-01	-1.772067e-07	-3.082083e-05
7.510000e-08	0.000000e+00	9.000000e-01	9.000000e-01	1.423487e-06	3.219018e-05
7.511000e-08	0.000000e+00	9.000000e-01	8.100000e-01	-2.342547e-04	-7.526731e-06
7.513000e-08	0.000000e+00	9.000000e-01	6.300000e-01	-2.243633e-04	2.002922e-05
7.517000e-08	0.000000e+00	9.000000e-01	2.700000e-01	2.361020e-03	5.031231e-04
7.520000e-08	0.000000e+00	9.000000e-01	1.258993e-13	2.431847e-04	-8.035397e-04
7.520506e-08	0.000000e+00	9.000000e-01	0.000000e+00	-5.752224e-04	-4.731156e-04
7.521519e-08	0.000000e+00	9.000000e-01	0.000000e+00	-1.750787e-03	-1.333791e-04
7.523545e-08	0.000000e+00	9.000000e-01	0.000000e+00	-9.583891e-04	2.940941e-05
7.527597e-08	0.000000e+00	9.000000e-01	0.000000e+00	3.078118e-04	-8.277842e-06
7.533958e-08	0.000000e+00	9.000000e-01	0.000000e+00	-6.514146e-05	5.178686e-06
7.546682e-08	0.000000e+00	9.000000e-01	0.000000e+00	1.147322e-04	-3.862630e-07
7.572129e-08	0.000000e+00	9.000000e-01	0.000000e+00	-5.476333e-05	1.238878e-06
7.623023e-08	0.000000e+00	9.000000e-01	0.000000e+00	7.508590e-05	7.679166e-07
7.724811e-08	0.000000e+00	9.000000e-01	0.000000e+00	-5.929748e-05	5.393048e-07
7.924811e-08	0.000000e+00	9.000000e-01	0.000000e+00	6.590167e-05	1.062086e-06
8.124811e-08	0.000000e+00	9.000000e-01	0.000000e+00	-5.854462e-05	3.346816e-07
8.324811e-08	0.000000e+00	9.000000e-01	0.000000e+00	6.357683e-05	1.263688e-06
8.500000e-08	0.000000e+00	9.000000e-01	0.000000e+00	-5.616405e-05	1.246429e-07
8.501000e-08	0.000000e+00	9.000000e-01	9.000000e-02	2.478396e-04	1.945542e-05
8.503000e-08	0.000000e+00	9.000000e-01	2.700000e-01	1.234473e-04	-4.221342e-05
8.507000e-08	0.000000e+00	9.000000e-01	6.300000e-01	-1.963781e-03	-3.849996e-04
8.510000e-08	0.000000e+00	9.000000e-01	9.000000e-01	-7.874353e-04	6.514818e-04
8.510527e-08	0.000000e+00	9.000000e-01	9.000000e-01	-5.648728e-04	4.270548e-04
8.511580e-08	0.000000e+00	9.000000e-01	9.000000e-01	-1.470886e-04	4.011554e-05
8.513687e-08	0.000000e+00	9.000000e-01	9.000000e-01	2.350373e-04	-3.867599e-05
8.517902e-08	0.000000e+00	9.000000e-01	9.000000e-01	2.860464e-04	3.715832e-05
8.526330e-08	0.000000e+00	9.000000e-01	9.000000e-01	-2.590675e-05	-3.396263e-05
8.535221e-08	0.000000e+00	9.000000e-01	9.000000e-01	6.188340e-05	3.395292e-05
8.553004e-08	0.000000e+00	9.000000e-01	9.000000e-01	1.347198e-05	-3.168980e-05
8.588569e-08	0.000000e+00	9.000000e-01	9.000000e-01	1.905319e-05	3.280900e-05
8.659699e-08	0.000000e+00	9.000000e-01	9.000000e-01	2.285115e-06	-3.112127e-05
8.801961e-08	0.000000e+00	9.000000e-01	9.000000e-01	5.916951e-06	3.252224e-05
9.001961e-08	0.000000e+00	9.000000e-01	9.000000e-01	-7.770033e-07	-3.095768e-05
9.201961e-08	0.000000e+00	9.000000e-01	9.000000e-01	3.104967e-06	3.238547e-05
9.401961e-08	0.000000e+00	9.000000e-01	9.000000e-01	-1.772071e-07	-3.082082e-05
9.510000e-08	0.000000e+00	9.000000e-01	9.000000e-01	1.423488e-06	3.219018e-05
9.511000e-08	0.000000e+00	9.000000e-01	8.100000e-01	-2.342547e-04	-7.526731e-06
9.513000e-08	0.000000e+00	9.000000e-01	6.300000e-01	-2.243633e-04	2.002922e-05
9.517000e-08	0.000000e+00	9.000000e-01	2.700000e-01	2.361020e-03	5.031231e-04
9.520000e-08	0.000000e+00	9.000000e-01	1.258993e-13	2.431847e-04	-8.035397e-04
9.520506e-08	0.000000e+00	9.000000e-01	0.000000e+00	-5.752224e-04	-4.731156e-04
9.521519e-08	0.000000e+00	9.000000e-01	0.000000e+00	-1.750787e-03	-1.333791e-04
9.523545e-08	0.000000e+00	9.000000e-01	0.000000e+00	-9.583891e-04	2.940941e-05
9.527597e-08	0.000000e+00	9.000000e-01	0.000000e+00	3.078118e-04	-8.277842e-06
9.533958e-08	0.000000e+00	9.000000e-01	0.000000e+00	-6.514146e-05	5.178686e-06
9.546682e-08	0.000000e+00	9.000000e-01	0.000000e+00	1.147322e-04	-3.862629e-07
9.572129e-08	0.000000e+00	9.000000e-01	0.000000e+00	-5.476333e-05	1.238878e-06
9.623023e-08	0.000000e+00	9.000000e-01	0.000000e+00	7.508590e-05	7.679167e-07
9.724811e-08	0.000000e+00	9.000000e-01	0.000000e+00	-5.929748e-05	5.393048e-07
9.924811e-08	0.000000e+00	9.000000e-01	0.000000e+00	6.590167e-05	1.062086e-06
1.000000e-07	0.000000e+00	9.000000e-01	0.000000e+00	-5.657096e-05	1.698511e-07
